4.017739894917757738e+03 1.332027848385393225e-02
4.016679687026856300e+03 1.363232767477912111e-02
4.017512659611682011e+03 1.360175201811533209e-02
5.670627858389354515e+03 5.244411772503556474e-02
5.676527492117671500e+03 8.755497069657652842e-02
5.699366074211697196e+03 3.132973145210804153e-03
5.703385824650313225e+03 3.516852908819081969e-02
5.710345392573886784e+03 1.560190167823163054e-01
5.755842567936328123e+03 6.883587509723340832e-03
5.758302415219660361e+03 4.929300774481035902e-02
5.793520228763950399e+03 1.748374354961654276e-02
5.794800149301619058e+03 1.357830399793599416e-02
5.795580100879261408e+03 1.380495568046933262e-02
5.797519980444165412e+03 7.244539875900578123e-03
5.800959766889149250e+03 1.225695312514292999e-02
5.802919645212455180e+03 1.801706049506103871e-02
5.854976413330448850e+03 1.271837165770970703e-02
5.869975482131253557e+03 1.217223188272916097e-02
5.874235217670681777e+03 9.834799998220844497e-02
5.878914927136533151e+03 1.213474410003932691e-02
5.892154105198043908e+03 9.694309344780445425e-03
5.894953931374193417e+03 2.585478366778978104e-02
5.909833007624592028e+03 1.942268278969163514e-02
5.927651901359949079e+03 3.243639037470699270e-03
5.933071564886639862e+03 2.959318205494028409e-02
5.939211183715769039e+03 2.775660394678610213e-03
5.944170875799234636e+03 9.110678674690661505e-03
5.946330741706551635e+03 1.116957070797332079e-02
5.947470670935412272e+03 1.115831726412852207e-02
5.956910084900719085e+03 1.124122627912699582e-02
5.961089825406542332e+03 6.247650745718517744e-03
4.668281575037788571e+03 1.770570874256718885e-02
4.818497715068318939e+03 1.380998534966028021e-02
4.886235974459000317e+03 1.377761514788469407e-02
4.665030383386309950e+03 1.789275825336246115e-02
4.815241013424870289e+03 1.428043902164284444e-02
4.882976788147359002e+03 1.350290446586205513e-02
4.658124645506236448e+03 1.354935374352024720e-02
4.808340876135007420e+03 1.108566650759029715e-02
4.876079176379933415e+03 1.310675579841372868e-02
5.670856054897600188e+03 5.428919229448395112e-02
5.676755904917190492e+03 9.067967411350229268e-02
5.699595324315065227e+03 1.272808490982622540e-02
5.703615222125024047e+03 3.351891738938316684e-02
5.710575045198982480e+03 1.531439335356402642e-01
5.756073888570405870e+03 1.881497273107643475e-02
5.758533826036201390e+03 5.281540858891002610e-02
5.793752930729422587e+03 1.863772934790947078e-02
5.795032898191299864e+03 1.801602074462002601e-02
5.795812878363381060e+03 -1.354572167098360390e-02
5.797752829047789419e+03 9.622098587183417276e-03
5.801192741601585112e+03 2.163708625440346513e-03
5.803152691777583641e+03 1.878932378040584078e-02
5.855211368391129326e+03 3.972531200994882696e-03
5.870210987085005399e+03 2.957058014165946883e-03
5.874470878794065356e+03 9.870271769647516458e-02
5.879150759826554349e+03 1.225660440571726094e-02
5.892390423260349962e+03 -1.453917518759365209e-02
5.895190352083206562e+03 2.605829868829548715e-02
5.910069973827530703e+03 8.009909312195575767e-03
5.927889520835855365e+03 6.031263153556861052e-03
5.933309383057242485e+03 2.981024389638305822e-02
5.939449226975935744e+03 2.686429138163724546e-03
5.944409100890710761e+03 8.782020882319031829e-03
5.946569045982629177e+03 1.155497863749943219e-02
5.947709017003363442e+03 1.123736751410479850e-02
5.957148777034709383e+03 1.136758572969004920e-02
5.961328670777402294e+03 4.130026427696088798e-03
5.670819457496611903e+03 5.228288096895381681e-02
5.676719311409498005e+03 9.553979432111836534e-02
5.699558745879043272e+03 9.900068903935791331e-05
5.703578646341720741e+03 3.166719188129198115e-02
5.710538474008447338e+03 1.378028627099580905e-01
5.756037347404431785e+03 1.916268132230556850e-02
5.758497286493533466e+03 5.629825221087676745e-02
5.793716414427743985e+03 1.186635570755003276e-02
5.794996382734268082e+03 1.235947003515103573e-02
5.795776363421055976e+03 4.576205051425871230e-03
5.797716315385632697e+03 6.013637614493852999e-03
5.801156230209417117e+03 2.073078199892065474e-03
5.803116181678782596e+03 1.307926038749456128e-02
5.855174892645703949e+03 3.632674548084005497e-03
5.870174521237787303e+03 2.657688123197506948e-03
5.874434415757939860e+03 8.363749464766703778e-02
5.879114299878669044e+03 9.451066324278183453e-03
5.892353972049280856e+03 8.172724326836584841e-03
5.895153902719803227e+03 2.016703573784064951e-02
5.910033534283149493e+03 6.210300103311703138e-03
5.927853093050543066e+03 2.263580020620780536e-02
5.933272958848482631e+03 2.969218138499334081e-02
5.939412806818842000e+03 2.799734142567617771e-03
5.944372684006624695e+03 9.249154905930893553e-03
5.946532630523884109e+03 7.450259487773462988e-03
5.947672602296882360e+03 7.582703906047881352e-03
5.957112368557500304e+03 1.151873939680489803e-02
5.961292265058493285e+03 4.887392371489893486e-03
6.726352204685435936e+03 1.199789090819782487e-02
6.732911867180126137e+03 1.351308501267386129e-02
6.747111136604608873e+03 2.427180226062968654e-02
6.769010009871945840e+03 2.471193052817162797e-02
6.796988570329483082e+03 3.222531419675581099e-02
6.801468339838052998e+03 2.032508572563899302e-02
6.821887289249879359e+03 1.710550538512898081e-02
6.894243566401681164e+03 4.629101951574629689e-04
6.963200018480016297e+03 -4.591414489386931863e-01
6.724472261452599923e+03 1.229008288219855805e-02
6.731032099358640153e+03 1.297873943756308081e-02
6.745231748484518903e+03 2.718824255302727810e-02
6.767131207347671079e+03 2.414597776744792715e-02
6.795110515977396972e+03 5.252656193912468019e-02
6.799590405279082916e+03 7.858949982001966345e-03
6.820009900712214403e+03 1.547322619370970938e-02
6.892368112736765397e+03 2.339349637970340387e-02
6.961326408773429648e+03 2.729594617598959383e-01
6.723784100591009519e+03 1.191867682233934377e-02
6.730343772822846404e+03 7.794369830711755237e-03
6.744543063324689683e+03 1.073872558578544203e-02
6.766441969098660593e+03 1.991044673777366686e-02
6.794420571087503959e+03 3.981537378071729749e-02
6.798900347245832563e+03 2.491451985955493242e+01
6.819319326967496636e+03 2.335502747167958124e-02
6.891675711524778308e+03 6.527172002608118721e-04
6.960632265961899066e+03 2.320285377156355855e-02
