4.500834170271972653e+03 9.982852869923826145e-01
4.500854163540144327e+03 9.963307147386711859e-01
4.500874156808315092e+03 9.961597388384352270e-01
4.500894150076486767e+03 1.001603072693008301e+00
4.500914143344658441e+03 1.001976086138882227e+00
4.500934136612829207e+03 1.000185344141857113e+00
4.500954129880999972e+03 1.000571158519762749e+00
4.500974123149171646e+03 1.001516363611195004e+00
4.500994116417343321e+03 1.001054637510458090e+00
4.501014109685513176e+03 9.974544418374582389e-01
4.501034102953683941e+03 9.991005568637952861e-01
4.501054096221856526e+03 9.991923904832552550e-01
4.501074089490026381e+03 9.987262412627689878e-01
4.501094082758198056e+03 1.000667568384051354e+00
4.501114076026367911e+03 9.996633984378914262e-01
4.501134069294540495e+03 9.992151403358727757e-01
4.501154062562711260e+03 1.001116157695752129e+00
4.501174055830882025e+03 9.978528965259958472e-01
4.501194049099052791e+03 9.999107716168260662e-01
4.501214042367224465e+03 1.004686163031447421e+00
4.501234035635396140e+03 1.000880678242093147e+00
4.501254028903567814e+03 9.951290016157606777e-01
4.501274022171737670e+03 9.933917530440067312e-01
4.501294015439909344e+03 1.003829758475951461e+00
4.501314008708078291e+03 9.974448457817316482e-01
4.501334001976250875e+03 9.970768762026404053e-01
4.501353995244423459e+03 1.000443199919560655e+00
4.501373988512593314e+03 9.981748938890837586e-01
4.501393981780764079e+03 9.997718713850751726e-01
4.501413975048934844e+03 1.000605825969331342e+00
4.501433968317107428e+03 9.977848373716950992e-01
4.501453961585277284e+03 9.984809705935017154e-01
4.501473954853448959e+03 9.977898630472989971e-01
4.501493948121619724e+03 9.962000684434454412e-01
4.501513941389791398e+03 9.973605277517327838e-01
4.501533934657961254e+03 9.951590514567245638e-01
4.501553927926132019e+03 9.937700607003913111e-01
4.501573921194303693e+03 9.962994367411232011e-01
4.501593914462477187e+03 9.955682361908579914e-01
4.501613907730646133e+03 9.941077617159960189e-01
4.501633900998816898e+03 9.923377690282373376e-01
4.501653894266987663e+03 9.936318699481025973e-01
4.501673887535158428e+03 9.941855971767846745e-01
4.501693880803331012e+03 9.938441919370608613e-01
4.501713874071502687e+03 9.906747091233154556e-01
4.501733867339673452e+03 9.946443365079385979e-01
4.501753860607843308e+03 9.951921895344728597e-01
4.501773853876014982e+03 9.933953865836552266e-01
4.501793847144184838e+03 9.966383039628143869e-01
4.501813840412356512e+03 9.954007058263895091e-01
4.501833833680528187e+03 9.940334615555286302e-01
4.501853826948698952e+03 9.940834498514603546e-01
4.501873820216869717e+03 9.976595427335848143e-01
4.501893813485043211e+03 9.972400861801754557e-01
4.501913806753213066e+03 9.941839712693631981e-01
4.501933800021382922e+03 9.947064409514605465e-01
4.501953793289554596e+03 9.935892137410905489e-01
4.501973786557726271e+03 9.937668286889030922e-01
4.501993779825896127e+03 9.980183366521345745e-01
4.502013773094068711e+03 9.960711294869118992e-01
4.502033766362238566e+03 9.939475220364083485e-01
4.502053759630410241e+03 9.922678534677881190e-01
4.502073752898581006e+03 9.980115297780494110e-01
4.502093746166752680e+03 9.971250692377108260e-01
4.502113739434923446e+03 9.955375522405640609e-01
4.502133732703094211e+03 9.943810304230010777e-01
4.502153725971265885e+03 9.955626487986569684e-01
4.502173719239436650e+03 9.985033392284181630e-01
4.502193712507608325e+03 1.001892560259676213e+00
4.502213705775778180e+03 9.985694805872195046e-01
4.502233699043948945e+03 1.002645256181156519e+00
4.502253692312121530e+03 1.003252201502352614e+00
4.502273685580292295e+03 9.954905487783044515e-01
4.502293678848463969e+03 9.979363220442982740e-01
4.502313672116634734e+03 9.984607253012133254e-01
4.502333665384805499e+03 9.985151418079517560e-01
4.502353658652976264e+03 1.001099001883131168e+00
4.502373651921147029e+03 9.990452126791944387e-01
4.502393645189318704e+03 9.985673371504605322e-01
4.502413638457488560e+03 1.001430411467792103e+00
4.502433631725661144e+03 1.000011050954747960e+00
4.502453624993832818e+03 9.998609948506076428e-01
4.502473618262004493e+03 1.000232788104028048e+00
4.502493611530172529e+03 1.001403298439426326e+00
4.502513604798345114e+03 1.000317551823236117e+00
4.502533598066516788e+03 9.984919433700643054e-01
4.502553591334687553e+03 9.958804811707995253e-01
4.502573584602860137e+03 1.000524672315248775e+00
4.502593577871029993e+03 1.001231213656056829e+00
4.502613571139200758e+03 1.000247794108879207e+00
4.502633564407370613e+03 9.965971556718189461e-01
4.502653557675542288e+03 9.994129178226963672e-01
4.502673550943714872e+03 1.000812412650711414e+00
4.502693544211885637e+03 1.000546719955517583e+00
4.502713537480057312e+03 1.000307271276699383e+00
