4.682555222319584573e+03 1.000604503843878890e+00
4.682575216682397695e+03 1.000505966359674037e+00
4.682595211045208998e+03 9.993620018057167709e-01
4.682615205408021211e+03 9.989206757919129043e-01
4.682635199770833424e+03 9.963300279354513345e-01
4.682655194133649275e+03 9.948157906637262737e-01
4.682675188496459668e+03 9.963372872910292166e-01
4.682695182859270972e+03 9.963667510521494464e-01
4.682715177222083184e+03 9.965869035742968007e-01
4.682735171584895397e+03 9.940190502619767887e-01
4.682755165947708520e+03 9.914850446058814937e-01
4.682775160310518913e+03 9.954702131760838624e-01
4.682795154673332945e+03 9.920207230073805338e-01
4.682815149036145158e+03 9.921426160226382018e-01
4.682835143398957371e+03 9.924133093512474968e-01
4.682855137761769583e+03 9.905836369402950536e-01
4.682875132124582706e+03 9.917274927030537146e-01
4.682895126487394919e+03 9.901896791111223228e-01
4.682915120850207131e+03 9.904148144583977409e-01
4.682935115213019344e+03 9.897930468788191938e-01
4.682955109575830647e+03 9.907138631513723315e-01
4.682975103938643770e+03 9.905499366020058538e-01
4.682995098301455982e+03 9.915023873361112905e-01
4.683015092664267286e+03 9.925205129187094633e-01
4.683035087027079499e+03 9.923936701114978165e-01
4.683055081389894440e+03 9.940032773375367947e-01
4.683075075752705743e+03 9.954910571995535529e-01
4.683095070115517046e+03 9.954120560613228808e-01
4.683115064478329259e+03 9.975481633980960439e-01
4.683135058841141472e+03 9.994705848413756311e-01
4.683155053203954594e+03 9.994651004316494891e-01
4.683175047566765897e+03 1.000240360801192718e+00
4.683195041929579929e+03 9.989485150864721996e-01
4.683215036292390323e+03 1.000538057772140776e+00
4.683235030655203445e+03 1.000715084053608317e+00
4.683255025018015658e+03 1.000720518881468291e+00
