4.688454473665684418e+03 1.000340048075060162e+00
4.688474467164155612e+03 9.998618208777076966e-01
4.688494460662629535e+03 9.997929882528965306e-01
4.688514454161100730e+03 9.991958414283867995e-01
4.688534447659575562e+03 9.988803604829505911e-01
4.688554441158046757e+03 9.997610080034168289e-01
4.688574434656518861e+03 9.980525416590019239e-01
4.688594428154990965e+03 9.984420512486344990e-01
4.688614421653464888e+03 1.000701628604227622e+00
4.688634415151936992e+03 9.970523267202757722e-01
4.688654408650409096e+03 9.978088565930204323e-01
4.688674402148881200e+03 9.990459755196682279e-01
4.688694395647354213e+03 9.965827382103789045e-01
4.688714389145827226e+03 9.969378781861099048e-01
4.688734382644300240e+03 9.974042664915360179e-01
4.688754376142772344e+03 9.979739638402524982e-01
4.688774369641244448e+03 9.955941877794441952e-01
4.688794363139717461e+03 9.955275589308408835e-01
4.688814356638188656e+03 9.964221695668739054e-01
4.688834350136662579e+03 9.961806273901115949e-01
4.688854343635134683e+03 9.970610634829442098e-01
4.688874337133606787e+03 9.972783062723556968e-01
4.688894330632077072e+03 9.955138808224018865e-01
4.688914324130551904e+03 9.962974106896108628e-01
4.688934317629023099e+03 9.974637411595269620e-01
4.688954311127495203e+03 9.989021414097098983e-01
4.688974304625970035e+03 9.987821780799980287e-01
4.688994298124441229e+03 9.981386301297049402e-01
4.689014291622915152e+03 9.981062559042850335e-01
4.689034285121386347e+03 1.001441509454114920e+00
4.689054278619859360e+03 9.976581401375121949e-01
4.689074272118332374e+03 9.976858320909141042e-01
4.689094265616804478e+03 1.002286260320310651e+00
4.689114259115276582e+03 9.994952512516149801e-01
4.689134252613748686e+03 9.997049667901126702e-01
4.689154246112222609e+03 1.000534652773379607e+00
