4.724926136770138328e+03 1.000804292034982224e+00
4.724946131145051368e+03 9.975324575337826127e-01
4.724966125519965317e+03 9.996043661405441538e-01
4.724986119894879266e+03 9.995118577544386262e-01
4.725006114269792306e+03 9.986318528826664265e-01
4.725026108644706255e+03 1.000999115216645974e+00
4.725046103019619295e+03 9.992625525850558077e-01
4.725066097394532335e+03 1.002760156668935698e+00
4.725086091769445375e+03 1.001852428162031572e+00
4.725106086144359324e+03 9.994086758098857937e-01
4.725126080519272364e+03 9.981943275395165349e-01
4.725146074894186313e+03 9.972089632809858495e-01
4.725166069269099353e+03 1.000245583260727544e+00
4.725186063644011483e+03 9.992954965426579239e-01
4.725206058018927251e+03 9.979207041952004031e-01
4.725226052393840291e+03 9.976628860594685122e-01
4.725246046768754240e+03 9.983136945968877907e-01
4.725266041143666371e+03 9.957552736020084394e-01
4.725286035518580320e+03 9.962682540422672650e-01
4.725306029893495179e+03 9.959585178952158335e-01
4.725326024268406400e+03 9.940026556720705786e-01
4.725346018643320349e+03 9.969259377960183466e-01
4.725366013018235208e+03 9.937117049679133896e-01
4.725386007393148248e+03 9.914936978608202001e-01
4.725406001768061287e+03 9.934646101896127401e-01
4.725425996142975237e+03 9.930386001717236288e-01
4.725445990517888276e+03 9.905146124477830494e-01
4.725465984892802226e+03 9.928454892885766325e-01
4.725485979267714356e+03 9.882960728492211633e-01
4.725505973642627396e+03 9.901524486371315881e-01
4.725525968017541345e+03 9.901203679652528233e-01
4.725545962392455294e+03 9.855179456433447172e-01
4.725565956767369244e+03 9.882353118036510953e-01
4.725585951142282283e+03 9.886812579665995582e-01
4.725605945517196233e+03 9.880398835333444874e-01
4.725625939892109272e+03 9.854120550437391879e-01
4.725645934267023222e+03 9.873344098190421914e-01
4.725665928641937171e+03 9.843120560549732945e-01
4.725685923016849301e+03 9.856886807988261001e-01
4.725705917391762341e+03 9.849391827542444133e-01
4.725725911766675381e+03 9.838213583304075138e-01
4.725745906141588421e+03 9.850272444283665330e-01
4.725765900516504189e+03 9.809036662971248877e-01
4.725785894891418138e+03 9.812348690977233945e-01
4.725805889266330269e+03 9.784818614389152458e-01
4.725825883641241489e+03 9.795795386252788006e-01
4.725845878016158167e+03 9.801248209380727383e-01
4.725865872391070297e+03 9.790925226044769891e-01
4.725885866765983337e+03 9.788552887188373131e-01
4.725905861140896377e+03 9.758230631572930580e-01
4.725925855515811236e+03 9.759221631041413714e-01
4.725945849890725185e+03 9.764803456356672129e-01
4.725965844265639134e+03 9.761159930011418240e-01
4.725985838640550355e+03 9.764102325317356446e-01
4.726005833015464304e+03 9.775189464844175058e-01
4.726025827390377344e+03 9.788196393505610438e-01
4.726045821765293113e+03 9.764868185271193823e-01
4.726065816140205243e+03 9.774402089248509506e-01
4.726085810515118283e+03 9.772753530209440376e-01
4.726105804890032232e+03 9.794110412381950015e-01
4.726125799264945272e+03 9.775434265490761110e-01
4.726145793639860130e+03 9.779125454304993248e-01
4.726165788014774080e+03 9.785190142182742523e-01
4.726185782389686210e+03 9.758823237988971666e-01
4.726205776764601069e+03 9.789744032275098373e-01
4.726225771139513199e+03 9.809428523798882082e-01
4.726245765514427148e+03 9.804663429808792019e-01
4.726265759889339279e+03 9.773408077092532453e-01
4.726285754264252319e+03 9.809818972423324235e-01
4.726305748639167177e+03 9.819516899076139449e-01
4.726325743014079308e+03 9.779368710146106869e-01
4.726345737388993257e+03 9.800672881988309326e-01
4.726365731763906297e+03 9.841527589686820399e-01
4.726385726138821155e+03 9.843384308047854470e-01
4.726405720513735105e+03 9.847980077630720253e-01
4.726425714888648145e+03 9.850914127290537614e-01
4.726445709263561184e+03 9.890056451464833698e-01
4.726465703638474224e+03 9.837861709740042260e-01
4.726485698013387264e+03 9.887395662976078414e-01
4.726505692388302123e+03 9.880235822377427812e-01
4.726525686763214253e+03 9.884352754934613294e-01
4.726545681138128202e+03 9.912673210542007896e-01
4.726565675513040333e+03 9.901225884991099457e-01
4.726585669887954282e+03 9.889899786853896257e-01
4.726605664262869141e+03 9.915798343867862075e-01
4.726625658637780361e+03 9.951369584254514677e-01
4.726645653012696130e+03 9.962394381731715098e-01
4.726665647387609170e+03 9.911611235846248258e-01
4.726685641762522209e+03 9.947072345507577129e-01
4.726705636137435249e+03 9.925489862280135744e-01
4.726725630512348289e+03 9.931053967868759269e-01
4.726745624887262238e+03 1.002134308350456804e+00
4.726765619262176187e+03 9.971872276159999826e-01
4.726785613637090137e+03 9.965530772205468679e-01
4.726805608012002267e+03 9.974293796554490887e-01
4.726825602386917126e+03 9.988930114314304998e-01
4.726845596761829256e+03 9.974502775355091888e-01
4.726865591136744115e+03 9.999557210578244870e-01
4.726885585511657155e+03 1.004084579390452259e+00
4.726905579886571104e+03 9.990279634172303247e-01
4.726925574261484144e+03 9.992167777839187082e-01
4.726945568636398093e+03 9.983816952713198134e-01
4.726965563011311133e+03 9.993078802487330714e-01
