4.950191314461948423e+03 9.993828181070166794e-01
4.950211309159913981e+03 9.991433119983702538e-01
4.950231303857875901e+03 9.999198895645809992e-01
4.950251298555841458e+03 1.001057425750215168e+00
4.950271293253803378e+03 1.000311315874153895e+00
4.950291287951768027e+03 9.994985655740162844e-01
4.950311282649730856e+03 1.000650824949697260e+00
4.950331277347695504e+03 9.999590697301607989e-01
4.950351272045660153e+03 1.001572335432633354e+00
4.950371266743624801e+03 1.000687110640992916e+00
4.950391261441587631e+03 1.001280112567337399e+00
4.950411256139552279e+03 9.991202058053483270e-01
4.950431250837516018e+03 9.988819431534390336e-01
4.950451245535480666e+03 1.001329698133159640e+00
4.950471240233443496e+03 1.002345956210187961e+00
4.950491234931407234e+03 1.000558886705067208e+00
4.950511229629370064e+03 9.999943708132968956e-01
4.950531224327334712e+03 1.002389056157780178e+00
4.950551219025299361e+03 1.001642011390999398e+00
4.950571213723264009e+03 9.981774426562135538e-01
4.950591208421226838e+03 9.990693118016442664e-01
4.950611203119191487e+03 9.993987400662389664e-01
4.950631197817155225e+03 9.977165701358668981e-01
4.950651192515118964e+03 9.988753205953746495e-01
4.950671187213082703e+03 9.984929975916612133e-01
4.950691181911046442e+03 9.969845639121868164e-01
4.950711176609009271e+03 9.968814167613651023e-01
4.950731171306973920e+03 9.973407498647182123e-01
4.950751166004937659e+03 9.966856027175602373e-01
4.950771160702900488e+03 9.955866165595128603e-01
4.950791155400864227e+03 9.951843984144409516e-01
4.950811150098828875e+03 9.965697550688835671e-01
4.950831144796792614e+03 9.977737970446063365e-01
4.950851139494757263e+03 9.965313688743802079e-01
4.950871134192720092e+03 9.973537237646749043e-01
4.950891128890682921e+03 9.948679857183282405e-01
4.950911123588648479e+03 9.971343971840105347e-01
4.950931118286612218e+03 9.972234356792100129e-01
4.950951112984575047e+03 9.963774930703744870e-01
4.950971107682540605e+03 9.958564057973933181e-01
4.950991102380502525e+03 9.946870420541364943e-01
4.951011097078467174e+03 9.968486759147594523e-01
4.951031091776430003e+03 9.953379778913363785e-01
4.951051086474396470e+03 9.964925382087531647e-01
4.951071081172360209e+03 9.962496476412672219e-01
4.951091075870323948e+03 9.963620525048345611e-01
4.951111070568287687e+03 9.973923950258800630e-01
4.951131065266250516e+03 9.982922300532182103e-01
4.951151059964215165e+03 9.979704550977418487e-01
4.951171054662177994e+03 9.968540575819773153e-01
4.951191049360140823e+03 9.980125581965358927e-01
4.951211044058106381e+03 1.000545940184158100e+00
4.951231038756070120e+03 9.994905583061800547e-01
4.951251033454033859e+03 9.989088841816391451e-01
4.951271028151997598e+03 9.997647719474245243e-01
4.951291022849962246e+03 9.980631810342819321e-01
4.951311017547925985e+03 9.981910066427750472e-01
4.951331012245889724e+03 9.983600117171443911e-01
4.951351006943853463e+03 9.981009069222804841e-01
4.951371001641816292e+03 1.001196856343620878e+00
4.951390996339780941e+03 1.001145673754543663e+00
4.951410991037744679e+03 9.998655833354108680e-01
4.951430985735708418e+03 1.000170826654838585e+00
4.951450980433671248e+03 1.000776743067488761e+00
4.951470975131635896e+03 9.999724090266243204e-01
4.951490969829600544e+03 9.980849600685818279e-01
4.951510964527564283e+03 9.987849492217999448e-01
4.951530959225528932e+03 1.001397432238278151e+00
4.951550953923491761e+03 9.990847661733235352e-01
4.951570948621456409e+03 9.995721834000792505e-01
4.951590943319420148e+03 1.000896500294836677e+00
4.951610938017382068e+03 1.000732848659639185e+00
4.951630932715347626e+03 1.000769076609326014e+00
4.951650927413310455e+03 1.000540780645255090e+00
4.951670922111275104e+03 1.000847834195604191e+00
4.951690916809239752e+03 1.001734517782955747e+00
4.951710911507203491e+03 9.996254715995445128e-01
4.951730906205167230e+03 1.000617844759861486e+00
4.951750900903130059e+03 1.001662155829405876e+00
4.951770895601093798e+03 1.000361290320749275e+00
