4.962867952971036175e+03 9.992409573941628542e-01
4.962887947668998095e+03 9.996938478980794685e-01
4.962907942366963653e+03 1.000274189890112631e+00
4.962927937064927391e+03 1.000614112886193174e+00
4.962947931762891130e+03 1.001124602997284230e+00
4.962967926460855779e+03 1.000638273061789763e+00
4.962987921158819518e+03 1.000347810300294071e+00
4.963007915856782347e+03 1.000668879423776136e+00
4.963027910554746995e+03 9.996006405315409626e-01
4.963047905252708915e+03 9.997800038914614884e-01
4.963067899950673564e+03 1.001354830215701375e+00
4.963087894648638212e+03 9.999830617975278280e-01
4.963107889346601041e+03 9.998696685979208132e-01
4.963127884044563871e+03 1.000492895120143277e+00
4.963147878742529429e+03 1.000159441548540418e+00
4.963167873440494077e+03 1.000526221736911525e+00
4.963187868138458725e+03 1.000362169037626536e+00
4.963207862836421555e+03 9.992187432660831758e-01
4.963227857534386203e+03 9.996568894747362988e-01
4.963247852232347213e+03 9.988595156526216545e-01
4.963267846930311862e+03 9.973524442903819454e-01
4.963287841628276510e+03 9.975580446675703650e-01
4.963307836326240249e+03 9.965743524386952990e-01
4.963327831024204897e+03 9.945806323922163905e-01
4.963347825722167727e+03 9.930659152279261992e-01
4.963367820420130556e+03 9.914190174520068899e-01
4.963387815118096114e+03 9.897105793805028862e-01
4.963407809816058943e+03 9.867924093237023797e-01
4.963427804514023592e+03 9.841793409859220798e-01
4.963447799211988240e+03 9.822688781262699509e-01
4.963467793909951979e+03 9.800409456119564267e-01
4.963487788607915718e+03 9.792251148762857182e-01
4.963507783305879457e+03 9.778915006729704817e-01
4.963527778003841377e+03 9.773122720498204075e-01
4.963547772701806934e+03 9.753902291024075799e-01
4.963567767399770673e+03 9.726877606414042754e-01
4.963587762097734412e+03 9.708756332143751999e-01
4.963607756795698151e+03 9.686494484089498425e-01
4.963627751493661890e+03 9.687953386897087960e-01
4.963647746191627448e+03 9.704316639906016562e-01
4.963667740889589368e+03 9.717218925877419977e-01
4.963687735587554016e+03 9.724087638836733660e-01
4.963707730285518664e+03 9.712854054379420621e-01
4.963727724983481494e+03 9.687888200175804876e-01
4.963747719681446142e+03 9.672568457960808441e-01
4.963767714379408062e+03 9.697167089880903701e-01
4.963787709077373620e+03 9.704058782239703973e-01
4.963807703775338268e+03 9.705996104806576819e-01
4.963827698473301098e+03 9.722111806869725426e-01
4.963847693171264837e+03 9.739785258107980237e-01
4.963867687869226756e+03 9.756866145319601502e-01
4.963887682567193224e+03 9.781000461355973119e-01
4.963907677265156053e+03 9.792031095575772781e-01
4.963927671963119792e+03 9.810860205113733912e-01
4.963947666661083531e+03 9.816721205273458706e-01
4.963967661359047270e+03 9.827400636331917738e-01
4.963987656057011918e+03 9.828647407260205915e-01
4.964007650754976567e+03 9.849460367707379982e-01
4.964027645452939396e+03 9.850711245001633198e-01
4.964047640150902225e+03 9.880926341851005157e-01
4.964067634848865964e+03 9.888464953855866657e-01
4.964087629546829703e+03 9.896999776426941287e-01
4.964107624244794351e+03 9.916099522041231795e-01
4.964127618942759000e+03 9.932992719916010627e-01
4.964147613640722739e+03 9.927287132082898147e-01
4.964167608338685568e+03 9.951803849494739174e-01
4.964187603036650216e+03 9.961177696266766413e-01
4.964207597734613955e+03 9.967789176341900204e-01
4.964227592432577694e+03 9.965759948825479997e-01
4.964247587130542342e+03 9.975207311063564175e-01
4.964267581828505172e+03 9.971027818692461686e-01
4.964287576526469820e+03 9.981198190804138060e-01
4.964307571224432650e+03 9.976155213573821845e-01
4.964327565922397298e+03 9.989894406910216906e-01
4.964347560620361946e+03 9.992473561725261355e-01
4.964367555318324776e+03 9.986939681629610766e-01
4.964387550016288515e+03 9.994313588624271771e-01
4.964407544714253163e+03 9.994972324874887848e-01
4.964427539412216902e+03 9.996696415987293971e-01
4.964447534110179731e+03 9.999184134788720035e-01
4.964467528808143470e+03 1.000418902635004770e+00
4.964487523506109028e+03 1.001081128895257466e+00
4.964507518204071857e+03 1.000612151609928890e+00
4.964527512902036506e+03 9.998532525251927483e-01
4.964547507600001154e+03 9.985809602570127064e-01
4.964567502297963983e+03 9.990589252822473787e-01
