4.978703753758411040e+03 1.000797160887442416e+00
4.978723748456374778e+03 1.000283705514992016e+00
4.978743743154339427e+03 9.989218336973340051e-01
4.978763737852303166e+03 9.987279256955851059e-01
4.978783732550265995e+03 9.989597548748253564e-01
4.978803727248230643e+03 9.990984170954382293e-01
4.978823721946195292e+03 9.999716716087012625e-01
4.978843716644158121e+03 9.994089865222020030e-01
4.978863711342122770e+03 9.985452642079535313e-01
4.978883706040086508e+03 9.985838893590055498e-01
4.978903700738050247e+03 9.993767885783135796e-01
4.978923695436013986e+03 1.000141886028752758e+00
4.978943690133977725e+03 1.000145798146900411e+00
4.978963684831942373e+03 1.000369912420797203e+00
4.978983679529905203e+03 9.983663566737153161e-01
4.979003674227868942e+03 9.989625590770511154e-01
4.979023668925832681e+03 9.983355369607944674e-01
4.979043663623796419e+03 9.970473066040735910e-01
4.979063658321759249e+03 9.970679719937278751e-01
4.979083653019723897e+03 9.983604735343954983e-01
4.979103647717689455e+03 9.987979089206727723e-01
4.979123642415653194e+03 9.969947539072884224e-01
4.979143637113616933e+03 9.973256185845266186e-01
4.979163631811578853e+03 9.979106016429489801e-01
4.979183626509545320e+03 9.967347455979883586e-01
4.979203621207508149e+03 9.959154174661269954e-01
4.979223615905470979e+03 9.946382352445113373e-01
4.979243610603434718e+03 9.951995760822440751e-01
4.979263605301398457e+03 9.956713232970104688e-01
4.979283599999361286e+03 9.943993751793880342e-01
4.979303594697325934e+03 9.944080736351573746e-01
4.979323589395289673e+03 9.939810850696703115e-01
4.979343584093255231e+03 9.939360419126193058e-01
4.979363578791218060e+03 9.935357353738585307e-01
4.979383573489183618e+03 9.944250328244323978e-01
4.979403568187145538e+03 9.934843261641240764e-01
4.979423562885109277e+03 9.952265814187254422e-01
4.979443557583073925e+03 9.934467251064325044e-01
4.979463552281037664e+03 9.933951875479664073e-01
4.979483546979003222e+03 9.940266492995034620e-01
4.979503541676965142e+03 9.952717665555074200e-01
4.979523536374928881e+03 9.943935609214605842e-01
4.979543531072892620e+03 9.945750181751523700e-01
4.979563525770856359e+03 9.934370561343850436e-01
4.979583520468821007e+03 9.938998200699916685e-01
4.979603515166784746e+03 9.935806314692077201e-01
4.979623509864748485e+03 9.934006219622222300e-01
4.979643504562713133e+03 9.958960363020379347e-01
4.979663499260675962e+03 9.945214076303009465e-01
4.979683493958639701e+03 9.951253567562584612e-01
4.979703488656603440e+03 9.960806136864550631e-01
4.979723483354568089e+03 9.965868454639955631e-01
4.979743478052531827e+03 9.964219544249461880e-01
4.979763472750495566e+03 9.955650120191165131e-01
4.979783467448459305e+03 9.966420389283202619e-01
4.979803462146423954e+03 9.970965860214922039e-01
4.979823456844387692e+03 9.979817263600970767e-01
4.979843451542351431e+03 9.981391445261090789e-01
4.979863446240315170e+03 9.970921861134385278e-01
4.979883440938278909e+03 9.985316003244103511e-01
4.979903435636244467e+03 9.993648547739826249e-01
4.979923430334207296e+03 9.989316698723330612e-01
4.979943425032171945e+03 9.994577733195106894e-01
4.979963419730133865e+03 9.987704733973777893e-01
4.979983414428096694e+03 9.990700296348764553e-01
4.980003409126061342e+03 9.986229983809409294e-01
4.980023403824025081e+03 9.995558103586700271e-01
4.980043398521989729e+03 1.000256066669954924e+00
4.980063393219954378e+03 1.000115723420529790e+00
4.980083387917919936e+03 9.980335569299381149e-01
4.980103382615880946e+03 9.991288743293541552e-01
4.980123377313844685e+03 1.000162107427042812e+00
4.980143372011810243e+03 9.991863677952931289e-01
4.980163366709773072e+03 9.995356573855872506e-01
4.980183361407735902e+03 9.998897388607353998e-01
4.980203356105701459e+03 9.992616812734500531e-01
4.980223350803663379e+03 9.993925108773339394e-01
4.980243345501628937e+03 9.998163626351272981e-01
4.980263340199591767e+03 9.997514758278915892e-01
4.980283334897556415e+03 1.000258840400788385e+00
4.980303329595521063e+03 1.001308066436183974e+00
