4.984171944427989729e+03 1.000291057391643701e+00
4.984191939195107807e+03 9.986053395058784865e-01
4.984211933962221337e+03 9.969556073447090050e-01
4.984231928729337596e+03 1.000543771589261111e+00
4.984251923496453855e+03 9.987999177945420248e-01
4.984271918263570115e+03 9.969632072400007594e-01
4.984291913030685464e+03 9.968230588993234331e-01
4.984311907797801723e+03 9.975155859571311900e-01
4.984331902564917073e+03 9.976238454868426864e-01
4.984351897332031513e+03 9.966710470152718715e-01
4.984371892099148681e+03 9.943887186853955784e-01
4.984391886866264940e+03 9.951020445643468104e-01
4.984411881633379380e+03 9.909009472067993318e-01
4.984431876400494730e+03 9.897521286670990515e-01
4.984451871167611898e+03 9.875715082106021336e-01
4.984471865934726338e+03 9.854686832234550442e-01
4.984491860701842597e+03 9.848404123228153839e-01
4.984511855468958856e+03 9.832956046944405504e-01
4.984531850236073296e+03 9.831970364381256156e-01
4.984551845003190465e+03 9.820102616741317458e-01
4.984571839770306724e+03 9.805880741924903887e-01
4.984591834537421164e+03 9.798395667883802451e-01
4.984611829304536514e+03 9.794408349476499964e-01
4.984631824071651863e+03 9.787017396308345107e-01
4.984651818838768122e+03 9.784525438030379219e-01
4.984671813605884381e+03 9.800213028443860441e-01
4.984691808372999731e+03 9.796818646294802591e-01
4.984711803140115990e+03 9.817821903703808362e-01
4.984731797907232249e+03 9.820477882918895451e-01
4.984751792674348508e+03 9.830884924643992218e-01
4.984771787441462948e+03 9.832880455891348515e-01
4.984791782208579207e+03 9.859545073019388983e-01
4.984811776975694556e+03 9.891654648759587998e-01
4.984831771742809906e+03 9.887888693762104664e-01
4.984851766509925255e+03 9.918786845062455004e-01
4.984871761277041514e+03 9.903751290554608788e-01
4.984891756044156864e+03 9.927065766464909791e-01
4.984911750811273123e+03 9.924408160832546288e-01
4.984931745578387563e+03 9.945595385230360241e-01
4.984951740345504732e+03 9.955351929251220477e-01
4.984971735112620081e+03 9.954954827129750550e-01
4.984991729879734521e+03 9.966350645506942829e-01
4.985011724646853509e+03 9.980620278259038081e-01
4.985031719413967949e+03 9.971220568378598159e-01
4.985051714181082389e+03 9.985817252879626293e-01
4.985071708948199557e+03 1.000287250315853083e+00
4.985091703715313997e+03 1.000559863902349411e+00
4.985111698482431166e+03 9.989279772503503185e-01
