4.987255291605786624e+03 9.988297314949781125e-01
4.987275285545687439e+03 1.000267084208536605e+00
4.987295279485585525e+03 9.998371996034947085e-01
4.987315273425484520e+03 1.000554328700130613e+00
4.987335267365385334e+03 9.965043763320402537e-01
4.987355261305284330e+03 9.989950779245080348e-01
4.987375255245185144e+03 9.978503559879350338e-01
4.987395249185084140e+03 9.976152560683940740e-01
4.987415243124984045e+03 9.984990657290772065e-01
4.987435237064884859e+03 1.000538541283007010e+00
4.987455231004782945e+03 9.980875744308365105e-01
4.987475224944682850e+03 9.979698374352632406e-01
4.987495218884583664e+03 1.000018830809929815e+00
4.987515212824483569e+03 9.993969231525799968e-01
4.987535206764383474e+03 9.981392507198272313e-01
4.987555200704281560e+03 9.981733981587460613e-01
4.987575194644181465e+03 9.980936394431376701e-01
4.987595188584080461e+03 9.961232632620450334e-01
4.987615182523981275e+03 9.968479200104183313e-01
4.987635176463881180e+03 9.942269436877906319e-01
4.987655170403780176e+03 9.951953937452810983e-01
4.987675164343681899e+03 9.942427875482137134e-01
4.987695158283580895e+03 9.934632376542276155e-01
4.987715152223479890e+03 9.946915538294918147e-01
4.987735146163378886e+03 9.948045531811482434e-01
4.987755140103278791e+03 9.934502754640355260e-01
4.987775134043180515e+03 9.937358062875969456e-01
4.987795127983077691e+03 9.946411481795665033e-01
4.987815121922978506e+03 9.954303507256024863e-01
4.987835115862877501e+03 9.956108031060171282e-01
4.987855109802777406e+03 9.949222658497600680e-01
4.987875103742679130e+03 9.964718946165360691e-01
4.987895097682578125e+03 9.959942710965473678e-01
4.987915091622478030e+03 9.956317900266371534e-01
4.987935085562376116e+03 9.968150064927964182e-01
4.987955079502277840e+03 9.969243662900578729e-01
4.987975073442175926e+03 9.977387504950593344e-01
4.987995067382076741e+03 9.960106384345764896e-01
4.988015061321975736e+03 9.970610919374323089e-01
4.988035055261874732e+03 9.989797457096128985e-01
4.988055049201775546e+03 9.992350479457121626e-01
4.988075043141675451e+03 9.979427868227358500e-01
4.988095037081574446e+03 9.989233686906431320e-01
4.988115031021474351e+03 9.980275290465565607e-01
4.988135024961373347e+03 9.989487279370873329e-01
4.988155018901275071e+03 9.981363339529099044e-01
4.988175012841172247e+03 9.986939238060771329e-01
4.988195006781074881e+03 9.979236817016392536e-01
4.988215000720973876e+03 9.985361510140062791e-01
4.988234994660871052e+03 9.995912040565613221e-01
4.988254988600772776e+03 9.994295295087410880e-01
4.988274982540670862e+03 9.994083720597989329e-01
4.988294976480571677e+03 9.979058436875734017e-01
4.988314970420471582e+03 9.984173202270208991e-01
4.988334964360370577e+03 1.000675520339310287e+00
