5.053774985796341753e+03 1.000728450907103717e+00
5.053794979879457060e+03 1.000133217280861686e+00
5.053814973962567819e+03 9.983026447589123942e-01
5.053834968045682217e+03 1.000088267636509265e+00
5.053854962128795705e+03 1.000427512996496793e+00
5.053874956211909193e+03 1.001066000089899211e+00
5.053894950295020863e+03 1.000603698008363018e+00
5.053914944378135260e+03 9.994921885704307618e-01
5.053934938461246929e+03 9.984982717200708846e-01
5.053954932544360418e+03 9.992223538630946589e-01
5.053974926627473906e+03 9.989358306770246276e-01
5.053994920710586484e+03 9.983857504598551147e-01
5.054014914793700882e+03 9.999036950048115768e-01
5.054034908876811642e+03 9.994764358493525291e-01
5.054054902959925130e+03 9.993382539503756767e-01
5.054074897043037708e+03 9.991799132908020242e-01
5.054094891126152106e+03 9.989667723351030038e-01
5.054114885209264685e+03 9.988589137493333325e-01
5.054134879292378173e+03 1.001408439176161069e+00
5.054154873375490752e+03 1.003922588382058612e+00
5.054174867458604240e+03 1.001322846151212476e+00
5.054194861541717728e+03 1.000264664610934551e+00
5.054214855624830307e+03 9.981559474122984055e-01
5.054234849707941976e+03 9.994393852975022030e-01
5.054254843791056373e+03 1.000371595664075519e+00
5.054274837874169862e+03 9.998047177712873212e-01
5.054294831957282440e+03 9.988969790147478323e-01
5.054314826040395019e+03 9.976630067223825060e-01
5.054334820123507598e+03 9.974376120840707793e-01
5.054354814206621995e+03 9.976082981603421329e-01
5.054374808289735483e+03 9.972258506181221893e-01
5.054394802372847153e+03 9.973626301188931453e-01
5.054414796455960641e+03 9.983627991099026655e-01
5.054434790539073219e+03 9.970166665288173746e-01
5.054454784622185798e+03 9.970545047298025043e-01
5.054474778705300196e+03 9.944063442381344542e-01
5.054494772788411865e+03 9.957992661970729298e-01
5.054514766871524444e+03 9.961288211815049198e-01
5.054534760954639751e+03 9.963846646346223856e-01
5.054554755037752329e+03 9.944643170445307545e-01
5.054574749120865818e+03 9.954734182033695422e-01
5.054594743203978396e+03 9.950027767767243292e-01
5.054614737287090975e+03 9.941138955526213072e-01
5.054634731370202644e+03 9.946728141303511350e-01
5.054654725453317951e+03 9.953639905304512148e-01
5.054674719536429620e+03 9.953610280376130603e-01
5.054694713619544018e+03 9.954536650263593467e-01
5.054714707702657506e+03 9.947730089984070379e-01
5.054734701785768266e+03 9.949437690324708372e-01
5.054754695868881754e+03 9.941842289888576101e-01
5.054774689951996152e+03 9.947374031419493612e-01
5.054794684035108730e+03 9.962322545686989050e-01
5.054814678118221309e+03 9.952632564054504360e-01
5.054834672201332978e+03 9.957056548184977096e-01
5.054854666284446466e+03 9.941754149752523029e-01
5.054874660367559045e+03 9.959130445706327883e-01
5.054894654450673443e+03 9.957138989676599383e-01
5.054914648533787840e+03 9.958136684884474343e-01
5.054934642616900419e+03 9.974477107280423915e-01
5.054954636700012998e+03 9.989071706229291081e-01
5.054974630783124667e+03 9.992579940633293800e-01
5.054994624866239064e+03 9.983366134702830186e-01
5.055014618949352553e+03 9.985717122096698928e-01
5.055034613032466041e+03 9.986224987865266467e-01
5.055054607115578619e+03 9.999973037000401410e-01
5.055074601198691198e+03 1.000433980647868593e+00
5.055094595281804686e+03 1.001919405555754539e+00
5.055114589364916355e+03 1.001057424241624139e+00
5.055134583448030753e+03 1.001311047090239104e+00
5.055154577531143332e+03 9.998263124782252875e-01
5.055174571614255910e+03 1.000505854407850448e+00
5.055194565697370308e+03 9.998221824301668503e-01
5.055214559780482887e+03 1.000534838166418528e+00
5.055234553863595465e+03 1.001261108040836234e+00
5.055254547946708044e+03 1.000427682493615578e+00
5.055274542029822442e+03 9.991472125463662923e-01
5.055294536112935020e+03 9.987439000879773099e-01
5.055314530196048509e+03 1.000318209981886364e+00
5.055334524279160178e+03 1.002295742169165838e+00
5.055354518362273666e+03 1.001455011517822458e+00
5.055374512445386245e+03 1.000825260055754118e+00
5.055394506528499733e+03 9.999188791810641463e-01
5.055414500611612311e+03 1.000471876359845247e+00
5.055434494694726709e+03 1.001466854438217036e+00
5.055454488777837469e+03 1.001265898418504330e+00
5.055474482860952776e+03 1.001313305548194643e+00
5.055494476944067173e+03 1.001593710600551912e+00
5.055514471027177933e+03 1.001438025330931403e+00
5.055534465110291421e+03 1.001262887032421389e+00
5.055554459193404000e+03 1.001185133658045512e+00
5.055574453276518398e+03 1.002709193800950915e+00
5.055594447359630067e+03 1.001385186165928642e+00
5.055614441442744464e+03 1.000291119791985039e+00
5.055634435525856134e+03 1.000867432229143761e+00
5.055654429608969622e+03 1.000834138976488541e+00
5.055674423692081291e+03 1.000232416553251680e+00
5.055694417775194779e+03 1.000525184493425312e+00
5.055714411858308267e+03 1.000141092590459690e+00
