5.060511809956232355e+03 9.995334006445166786e-01
5.060531804755497433e+03 9.996315953202112858e-01
5.060551799554766149e+03 1.001026460400866958e+00
5.060571794354031226e+03 9.997752575328289204e-01
5.060591789153298123e+03 9.996182631204534319e-01
5.060611783952564110e+03 1.002607665248626878e+00
5.060631778751830097e+03 1.002481174611260517e+00
5.060651773551096085e+03 1.001813348023729233e+00
5.060671768350361162e+03 1.001355717939452994e+00
5.060691763149628969e+03 9.990043668011735489e-01
5.060711757948894046e+03 9.982831770164617424e-01
5.060731752748161853e+03 9.995830836275928499e-01
5.060751747547425111e+03 9.985361801984177221e-01
5.060771742346692918e+03 1.000074929777040600e+00
5.060791737145959814e+03 1.001155716177398514e+00
5.060811731945223073e+03 1.000908131020744607e+00
5.060831726744490879e+03 1.000490509634753167e+00
5.060851721543758686e+03 1.001105738467926720e+00
5.060871716343023763e+03 1.002874887143039739e+00
5.060891711142289751e+03 9.986861614739599435e-01
5.060911705941556647e+03 1.000830644197659769e+00
5.060931700740821725e+03 9.999832894349252044e-01
5.060951695540087712e+03 9.952352796809303959e-01
5.060971690339351881e+03 9.913520400249533626e-01
5.060991685138618777e+03 9.925876306406581362e-01
5.061011679937886584e+03 9.938082808623303066e-01
5.061031674737152571e+03 9.949390253201876311e-01
5.061051669536418558e+03 9.956694249018032128e-01
5.061071664335683636e+03 9.941930882399570013e-01
5.061091659134951442e+03 9.930408333491000938e-01
5.061111653934216520e+03 9.926942338503351726e-01
5.061131648733483416e+03 9.898889057375495071e-01
5.061151643532749404e+03 9.964808056833143191e-01
5.061171638332015391e+03 9.927503100908789957e-01
5.061191633131281378e+03 9.918988158925953202e-01
5.061211627930546456e+03 9.899576427771729081e-01
5.061231622729814262e+03 9.883634478737569617e-01
5.061251617529081159e+03 9.922278891235525311e-01
5.061271612328345327e+03 9.885274510314732144e-01
5.061291607127613133e+03 9.897017347986781788e-01
5.061311601926879121e+03 9.914918542157051817e-01
5.061331596726145108e+03 9.914126530017530747e-01
5.061351591525410186e+03 9.904375530073608047e-01
5.061371586324676173e+03 9.903050032295774852e-01
5.061391581123943070e+03 9.900134207867256064e-01
5.061411575923209057e+03 9.894553109202396390e-01
5.061431570722474135e+03 9.931540377600074354e-01
5.061451565521741031e+03 9.935468669812245190e-01
5.061471560321007928e+03 9.923480657834067298e-01
5.061491555120273006e+03 9.914177085882588392e-01
5.061511549919539902e+03 9.907058298042245026e-01
5.061531544718805890e+03 9.936983004700863376e-01
5.061551539518071877e+03 9.957840070393846332e-01
5.061571534317337864e+03 9.945611912152588774e-01
5.061591529116604761e+03 9.944544566087972770e-01
5.061611523915869839e+03 9.962490734883494570e-01
5.061631518715136735e+03 9.981314692286160639e-01
5.061651513514402723e+03 9.984335381995186331e-01
5.061671508313667800e+03 9.991966351935275270e-01
5.061691503112934697e+03 9.977553050938680057e-01
5.061711497912201594e+03 9.988149569940748540e-01
5.061731492711466672e+03 1.000656801792098038e+00
5.061751487510733568e+03 1.000438185079108644e+00
5.061771482309999556e+03 9.975142308780562406e-01
5.061791477109268271e+03 1.001724585020018488e+00
5.061811471908531530e+03 9.992340699414160587e-01
5.061831466707796608e+03 9.999886969784723689e-01
5.061851461507065324e+03 1.000980880074070933e+00
5.061871456306329492e+03 1.000930681093505248e+00
5.061891451105596389e+03 1.001540647800135853e+00
5.061911445904861466e+03 1.001317885327649426e+00
5.061931440704129272e+03 1.000281952068357905e+00
5.061951435503396169e+03 1.000135215825386226e+00
5.061971430302660337e+03 1.000475850104474818e+00
5.061991425101927234e+03 1.000303794743857555e+00
5.062011419901192312e+03 9.988659328791410497e-01
5.062031414700458299e+03 9.973664808730866582e-01
5.062051409499724286e+03 1.000492026374955046e+00
5.062071404298991183e+03 9.977599353791758441e-01
5.062091399098257170e+03 9.979103660476396076e-01
5.062111393897523158e+03 1.000136491316380827e+00
5.062131388696790964e+03 1.001441971284692700e+00
5.062151383496055132e+03 9.981965367734481065e-01
