5.073768361869678301e+03 9.992740314286319148e-01
5.073788356668943379e+03 1.001372543079093402e+00
5.073808351468212095e+03 1.000709615209146364e+00
5.073828346267475354e+03 1.000681479848997579e+00
5.073848341066743160e+03 9.993099732729543438e-01
5.073868335866008238e+03 9.986660882126808803e-01
5.073888330665274225e+03 9.996353732288237870e-01
5.073908325464540212e+03 1.000291846011349683e+00
5.073928320263807109e+03 1.000195497088193664e+00
5.073948315063073096e+03 9.999998720760018278e-01
5.073968309862338174e+03 9.995027337081734409e-01
5.073988304661605980e+03 1.000735380464971902e+00
5.074008299460871058e+03 9.983467198850510815e-01
5.074028294260138864e+03 9.987280469742153555e-01
5.074048289059403032e+03 9.995853945424683085e-01
5.074068283858669020e+03 9.989827135389969248e-01
5.074088278657935916e+03 9.973120687038268262e-01
5.074108273457202813e+03 9.966517616944031710e-01
5.074128268256467891e+03 9.971407174314567134e-01
5.074148263055733878e+03 9.950819996071837981e-01
5.074168257855001684e+03 9.964899515962705179e-01
5.074188252654267671e+03 9.946307307778807782e-01
5.074208247453531840e+03 9.917591063779173099e-01
5.074228242252798736e+03 9.932238754166318184e-01
5.074248237052063814e+03 9.922680083731655332e-01
5.074268231851330711e+03 9.915218988361682584e-01
5.074288226650596698e+03 9.924431456145031971e-01
5.074308221449863595e+03 9.933302143710446286e-01
5.074328216249129582e+03 9.921223156239996621e-01
5.074348211048395569e+03 9.917064926905636568e-01
5.074368205847662466e+03 9.949086888031400955e-01
5.074388200646929363e+03 9.952681516665130568e-01
5.074408195446194441e+03 9.955681230990424124e-01
5.074428190245460428e+03 9.948488445876653152e-01
5.074448185044725506e+03 9.948028326831107604e-01
5.074468179843990583e+03 9.950899259111817274e-01
5.074488174643260209e+03 9.957816254962560398e-01
5.074508169442525286e+03 9.982649741411288025e-01
5.074528164241791274e+03 9.971888123192294007e-01
5.074548159041056351e+03 9.971172155171518225e-01
5.074568153840322339e+03 9.981782758206547701e-01
5.074588148639590145e+03 9.969981236308066430e-01
5.074608143438856132e+03 9.986651347885387997e-01
5.074628138238122119e+03 9.982039359977202819e-01
5.074648133037389016e+03 9.970886058848101863e-01
5.074668127836652275e+03 9.984260942469090905e-01
5.074688122635920081e+03 1.000644256978808988e+00
5.074708117435186068e+03 9.992529579648784521e-01
5.074728112234452965e+03 9.977797637733668568e-01
5.074748107033718043e+03 9.998225293118356838e-01
5.074768101832984939e+03 1.000749438311034023e+00
5.074788096632250017e+03 1.000466144585114847e+00
5.074808091431516004e+03 9.993928499410916766e-01
5.074828086230782901e+03 9.994678524020065291e-01
5.074848081030048888e+03 9.999299383818294196e-01
5.074868075829314876e+03 9.988394772253368359e-01
5.074888070628580863e+03 9.999256333550389231e-01
