5.116554135622380272e+03 1.001120919252332708e+00
5.116574130409546342e+03 1.000372847675240040e+00
5.116594125196710593e+03 9.999132216029915643e-01
5.116614119983875753e+03 1.000661775236107998e+00
5.116634114771040004e+03 9.972949022187633794e-01
5.116654109558204254e+03 9.993785144351386984e-01
5.116674104345369415e+03 9.982856892988644093e-01
5.116694099132535484e+03 1.001137590958463441e+00
5.116714093919698826e+03 1.001452165358181601e+00
5.116734088706863076e+03 9.991408765507109324e-01
5.116754083494028237e+03 1.000109734583539467e+00
5.116774078281193397e+03 9.998979410405561818e-01
5.116794073068357648e+03 1.001042833483307692e+00
5.116814067855521898e+03 1.001201390705010796e+00
5.116834062642687059e+03 9.996810168810009722e-01
5.116854057429851309e+03 9.997262713170690374e-01
5.116874052217017379e+03 1.001807424552662029e+00
5.116894047004182539e+03 9.988537742415004583e-01
5.116914041791345880e+03 1.000963233707948374e+00
5.116934036578511041e+03 1.003605943544261914e+00
5.116954031365677110e+03 9.984938552184808858e-01
5.116974026152842271e+03 9.978044557729182085e-01
5.116994020940006521e+03 9.970434337682900772e-01
5.117014015727169863e+03 9.975152683907583251e-01
5.117034010514335023e+03 9.988129573803615768e-01
5.117054005301500183e+03 1.000877485406020062e+00
5.117074000088665343e+03 1.000874387867256798e+00
5.117093994875829594e+03 9.980502429453016466e-01
5.117113989662993845e+03 1.000218832253620072e+00
5.117133984450159005e+03 9.982852219317701614e-01
5.117153979237323256e+03 9.978206033348692161e-01
5.117173974024488416e+03 9.973458458644407498e-01
5.117193968811652667e+03 9.969837224715867308e-01
5.117213963598817827e+03 9.952276109126013681e-01
5.117233958385982987e+03 9.965758350300532031e-01
5.117253953173147238e+03 9.971646737190680287e-01
5.117273947960310579e+03 9.986230182949794587e-01
5.117293942747476649e+03 9.977416032918791089e-01
5.117313937534641809e+03 9.969738399103222903e-01
5.117333932321806060e+03 9.970823219396224291e-01
5.117353927108971220e+03 9.951314299575739764e-01
5.117373921896137290e+03 9.956822004614178656e-01
5.117393916683298812e+03 9.943874532361112184e-01
5.117413911470465791e+03 9.980182925849576669e-01
5.117433906257629133e+03 9.964247401562723594e-01
5.117453901044795202e+03 9.963847009579136493e-01
5.117473895831958544e+03 9.957113312243199843e-01
5.117493890619123704e+03 9.977207509855631207e-01
5.117513885406287955e+03 9.971239434500936971e-01
5.117533880193454934e+03 9.964281817210566272e-01
5.117553874980617366e+03 9.945247318306782436e-01
5.117573869767782526e+03 9.935232445075067309e-01
5.117593864554947686e+03 9.955897776171299673e-01
5.117613859342111937e+03 9.956098585675865476e-01
5.117633854129277097e+03 9.943951000358033365e-01
5.117653848916440438e+03 9.981186326623732175e-01
5.117673843703608327e+03 9.963576639392187628e-01
5.117693838490771668e+03 1.000919087910590699e+00
5.117713833277935919e+03 9.977576824265654842e-01
5.117733828065099260e+03 9.973104780212599385e-01
5.117753822852265330e+03 9.956185414999676464e-01
5.117773817639430490e+03 9.985046939261427168e-01
5.117793812426594741e+03 9.975795885251571571e-01
5.117813807213759901e+03 9.975193579537309230e-01
5.117833802000925061e+03 9.973513689741677624e-01
5.117853796788089312e+03 9.973885786493172922e-01
5.117873791575252653e+03 9.997524916934067418e-01
5.117893786362418723e+03 9.994305213820282585e-01
5.117913781149582974e+03 9.998200875378507879e-01
5.117933775936747224e+03 1.000351972067891282e+00
5.117953770723912385e+03 1.001960432878739482e+00
5.117973765511078454e+03 9.999886801183873741e-01
5.117993760298242705e+03 9.964991597248676891e-01
5.118013755085408775e+03 9.971589879676384660e-01
5.118033749872571207e+03 1.000558226183484889e+00
5.118053744659737276e+03 9.982179160266594353e-01
5.118073739446901527e+03 1.001230640757391432e+00
5.118093734234066687e+03 1.000182238823740910e+00
5.118113729021230938e+03 9.988019097249110079e-01
5.118133723808396098e+03 9.994565323360418141e-01
5.118153718595560349e+03 9.982309293999171995e-01
5.118173713382723690e+03 1.000899017498786403e+00
5.118193708169888851e+03 1.001973905895338524e+00
5.118213702957055830e+03 9.876004837173049111e-01
5.118233697744218262e+03 9.983525860078089620e-01
5.118253692531385241e+03 9.993609385880811713e-01
5.118273687318548582e+03 9.988155700951748539e-01
5.118293682105713742e+03 9.974870311397558975e-01
5.118313676892877993e+03 9.997572341356807391e-01
5.118333671680043153e+03 9.994294412258467597e-01
5.118353666467207404e+03 9.972621593475687884e-01
5.118373661254371655e+03 1.004117731795223678e+00
5.118393656041536815e+03 1.000677910230467260e+00
5.118413650828702885e+03 9.989712643406236658e-01
