5.169710640238532505e+03 9.996559328729121008e-01
5.169730634328158885e+03 9.996424531154941562e-01
5.169750628417784355e+03 9.989189234700575071e-01
5.169770622507410735e+03 1.000038182359749062e+00
5.169790616597034386e+03 9.989338593192561566e-01
5.169810610686662585e+03 9.991433575964170366e-01
5.169830604776289874e+03 9.989091950871659131e-01
5.169850598865913526e+03 9.994969737592765968e-01
5.169870592955540815e+03 9.996959072787302558e-01
5.169890587045164466e+03 9.985217724792483374e-01
5.169910581134790846e+03 9.988042363182734196e-01
5.169930575224418135e+03 9.996926459704899015e-01
5.169950569314042696e+03 9.985130214308201024e-01
5.169970563403668166e+03 9.978329020879743716e-01
5.169990557493294546e+03 9.980603480716646603e-01
5.170010551582923654e+03 9.982734897956387909e-01
5.170030545672547305e+03 9.955468365620770976e-01
5.170050539762170956e+03 9.973039933979674920e-01
5.170070533851796426e+03 9.958319754919079392e-01
5.170090527941422806e+03 9.937401066174414987e-01
5.170110522031050095e+03 9.929607872318054751e-01
5.170130516120675566e+03 9.921316588601264419e-01
5.170150510210302855e+03 9.909029907685013017e-01
5.170170504299928325e+03 9.898014834489703428e-01
5.170190498389553795e+03 9.894695717848549510e-01
5.170210492479178356e+03 9.860450972480419018e-01
5.170230486568803826e+03 9.847908803539902056e-01
5.170250480658430206e+03 9.851004357725103855e-01
5.170270474748056586e+03 9.821348820046857941e-01
5.170290468837682965e+03 9.819906264335890311e-01
5.170310462927309345e+03 9.814071930980778902e-01
5.170330457016934815e+03 9.830735696481551766e-01
5.170350451106559376e+03 9.848215383969057823e-01
5.170370445196183937e+03 9.846500945880966027e-01
5.170390439285812135e+03 9.846933558676775888e-01
5.170410433375436696e+03 9.862616834656203757e-01
5.170430427465063076e+03 9.884582730620352642e-01
5.170450421554688546e+03 9.887445317750493956e-01
5.170470415644314016e+03 9.900027907318055265e-01
5.170490409733941306e+03 9.892636430655419311e-01
5.170510403823567685e+03 9.901899725263059171e-01
5.170530397913191337e+03 9.908243745731316610e-01
5.170550392002817716e+03 9.916265475977914523e-01
5.170570386092445005e+03 9.937484107581390225e-01
5.170590380182071385e+03 9.941211670805157885e-01
5.170610374271696855e+03 9.944882875931861932e-01
5.170630368361322326e+03 9.962064947815272298e-01
5.170650362450947796e+03 9.960644090423810271e-01
5.170670356540573266e+03 9.974713460246003027e-01
5.170690350630199646e+03 9.977168377248211151e-01
5.170710344719825116e+03 9.981738658987434620e-01
5.170730338809450586e+03 9.984136264626922719e-01
5.170750332899077875e+03 9.988352858461871930e-01
5.170770326988701527e+03 9.998124216062672653e-01
5.170790321078329725e+03 9.992982068662004114e-01
5.170810315167953377e+03 9.985627540448293038e-01
5.170830309257579756e+03 9.978479519279099819e-01
5.170850303347205227e+03 9.983198470537478775e-01
5.170870297436831606e+03 9.999291790500732802e-01
5.170890291526457986e+03 1.000753337997770220e+00
5.170910285616081637e+03 1.000145616591214814e+00
5.170930279705708017e+03 1.000401670411948052e+00
5.170950273795332578e+03 9.992984960631410285e-01
5.170970267884959867e+03 1.000802771155733240e+00
