5.175079124833261631e+03 9.991742968211089204e-01
5.175099119662761950e+03 1.001114504796655647e+00
5.175119114492261360e+03 1.000215668193474405e+00
5.175139109321758042e+03 1.000035576545693417e+00
5.175159104151256543e+03 9.990776958847459310e-01
5.175179098980755043e+03 9.992620192975217863e-01
5.175199093810256272e+03 9.998375311697128565e-01
5.175219088639753863e+03 1.000148731763398136e+00
5.175239083469252364e+03 1.000287139138168024e+00
5.175259078298750865e+03 1.000247484968898926e+00
5.175279073128246637e+03 1.000281301300663728e+00
5.175299067957748775e+03 1.000398148232791051e+00
5.175319062787244548e+03 1.000561204848198882e+00
5.175339057616744867e+03 9.999056931592380515e-01
5.175359052446242458e+03 1.000575715947102484e+00
5.175379047275741868e+03 9.990715989979804812e-01
5.175399042105241278e+03 9.989259122572534677e-01
5.175419036934737051e+03 9.998059548896039983e-01
5.175439031764236461e+03 9.977723097536755903e-01
5.175459026593734961e+03 9.978413422370708830e-01
5.175479021423233462e+03 9.988120781746838706e-01
5.175499016252732872e+03 9.971723153569090892e-01
5.175519011082229554e+03 9.970734127980237504e-01
5.175539005911730783e+03 9.972025077824359096e-01
5.175559000741227464e+03 9.967622100774504723e-01
5.175578995570725965e+03 9.951334529944054763e-01
5.175598990400227194e+03 9.939095412656815398e-01
5.175618985229721147e+03 9.941652312454075657e-01
5.175638980059222376e+03 9.919131690370717180e-01
5.175658974888719968e+03 9.910346045869670162e-01
5.175678969718220287e+03 9.905751407105392037e-01
5.175698964547716969e+03 9.899085953519535241e-01
5.175718959377217288e+03 9.881879081678828225e-01
5.175738954206715789e+03 9.877176794793256498e-01
5.175758949036212471e+03 9.852153469317762591e-01
5.175778943865713700e+03 9.854706716031734759e-01
5.175798938695210381e+03 9.861296450218022258e-01
5.175818933524707973e+03 9.874508584326404659e-01
5.175838928354208292e+03 9.880056792778454389e-01
5.175858923183705883e+03 9.878308246820554084e-01
5.175878918013205293e+03 9.883786507583254277e-01
5.175898912842703794e+03 9.897728709386978130e-01
5.175918907672203204e+03 9.898175929274809492e-01
5.175938902501698976e+03 9.908016141915115815e-01
5.175958897331199296e+03 9.923201470119220602e-01
5.175978892160696887e+03 9.916730464692410374e-01
5.175998886990195388e+03 9.928581146483856923e-01
5.176018881819695707e+03 9.907257367821742378e-01
5.176038876649192389e+03 9.914726352377465357e-01
5.176058871478691799e+03 9.911141924233972667e-01
5.176078866308188481e+03 9.917690042510644011e-01
5.176098861137688800e+03 9.921623128787393497e-01
5.176118855967187301e+03 9.912258900212321810e-01
5.176138850796684892e+03 9.930080097911464510e-01
5.176158845626185212e+03 9.939123175787811793e-01
5.176178840455682803e+03 9.944320211927544229e-01
5.176198835285182213e+03 9.939530342657886264e-01
5.176218830114678894e+03 9.932723230070940046e-01
5.176238824944178305e+03 9.921368380011854615e-01
5.176258819773675896e+03 9.924819418620408618e-01
5.176278814603175306e+03 9.946434908487069571e-01
5.176298809432672897e+03 9.940140780133410736e-01
5.176318804262171398e+03 9.932426750186501563e-01
5.176338799091670808e+03 9.954743553230648301e-01
5.176358793921170218e+03 9.950119092158793421e-01
5.176378788750666899e+03 9.951044592729941796e-01
5.176398783580167219e+03 9.952434317885373583e-01
5.176418778409665720e+03 9.958364338958693995e-01
5.176438773239164220e+03 9.960730025458398584e-01
5.176458768068662721e+03 9.966418150106624019e-01
5.176478762898163041e+03 9.976225683379196241e-01
5.176498757727659722e+03 9.966858676439366294e-01
5.176518752557158223e+03 9.974643690236013605e-01
5.176538747386656723e+03 9.980356063750848161e-01
5.176558742216154315e+03 9.970601663437579365e-01
5.176578737045655544e+03 9.991456609799909128e-01
5.176598731875152225e+03 9.970262122611640576e-01
5.176618726704650726e+03 9.979303688430005703e-01
5.176638721534149226e+03 1.000120676591087276e+00
5.176658716363647727e+03 9.997567566096562386e-01
5.176678711193146228e+03 9.993650905053985678e-01
5.176698706022644728e+03 9.996756606306860249e-01
5.176718700852144138e+03 9.995819650284547553e-01
5.176738695681641730e+03 9.995241655037112594e-01
5.176758690511140230e+03 9.983056397322324083e-01
5.176778685340639640e+03 1.000208897026385824e+00
5.176798680170138141e+03 1.000948380272258964e+00
