5.244461858676229895e+03 1.000412147313744171e+00
5.244481853563193908e+03 1.000059140005055136e+00
5.244501848450157013e+03 9.997324852154800823e-01
5.244521843337121027e+03 9.999693412723471564e-01
5.244541838224085950e+03 9.993581933972002229e-01
5.244561833111048145e+03 1.000324905991185176e+00
5.244581827998012159e+03 1.000297308212696246e+00
5.244601822884976173e+03 1.000120181562142552e+00
5.244621817771939277e+03 9.995746886276751786e-01
5.244641812658904200e+03 9.997630758156478281e-01
5.244661807545869124e+03 1.000808530009797082e+00
5.244681802432831319e+03 9.962752278251515436e-01
5.244701797319795332e+03 1.000019292884304800e+00
5.244721792206758437e+03 9.989324140982877021e-01
5.244741787093721541e+03 1.000133229066924034e+00
5.244761781980686465e+03 9.996931677360189061e-01
5.244781776867651388e+03 9.970170110930569596e-01
5.244801771754614492e+03 9.982715439176533812e-01
5.244821766641576687e+03 9.987067912971613337e-01
5.244841761528541610e+03 9.975619863867188908e-01
5.244861756415505624e+03 9.980213974131031396e-01
5.244881751302468729e+03 9.982478433150572261e-01
5.244901746189434562e+03 9.982842788814536572e-01
5.244921741076395847e+03 9.984675059127932073e-01
5.244941735963359861e+03 9.958334521239333714e-01
5.244961730850323875e+03 9.954053484508341709e-01
5.244981725737286979e+03 9.969354926669321548e-01
5.245001720624250993e+03 9.958333117938308332e-01
5.245021715511214097e+03 9.938562977048501779e-01
5.245041710398179021e+03 9.930494908195541814e-01
5.245061705285143034e+03 9.942842389448782736e-01
5.245081700172106139e+03 9.940866029047681351e-01
5.245101695059069243e+03 9.938322215699966211e-01
5.245121689946034166e+03 9.908835497762810141e-01
5.245141684832999090e+03 9.906722372816844091e-01
5.245161679719962194e+03 9.920582871313774476e-01
5.245181674606923480e+03 9.913818786871062549e-01
5.245201669493888403e+03 9.882534233410117386e-01
5.245221664380853326e+03 9.877322699466412059e-01
5.245241659267815521e+03 9.875088348938378946e-01
5.245261654154781354e+03 9.879319545166690419e-01
5.245281649041744458e+03 9.888304402941673343e-01
5.245301643928706653e+03 9.899364926348718230e-01
5.245321638815673396e+03 9.907990505283751359e-01
5.245341633702635590e+03 9.904420324452287705e-01
5.245361628589598695e+03 9.908400337082823306e-01
5.245381623476561799e+03 9.916280361929675768e-01
5.245401618363526723e+03 9.923975273429698207e-01
5.245421613250489827e+03 9.926301916165944927e-01
5.245441608137455660e+03 9.923872548535294102e-01
5.245461603024418764e+03 9.937443101416538749e-01
5.245481597911381868e+03 9.921778810506011181e-01
5.245501592798346792e+03 9.926489219058003410e-01
5.245521587685308987e+03 9.940506158626671862e-01
5.245541582572273001e+03 9.943561546759325243e-01
5.245561577459237924e+03 9.945147521839399207e-01
5.245581572346200119e+03 9.970579934251611043e-01
5.245601567233165042e+03 9.925319192863708562e-01
5.245621562120128146e+03 9.969976531248917473e-01
5.245641557007091251e+03 9.955071514889682893e-01
5.245661551894055265e+03 9.935365169721431799e-01
5.245681546781018369e+03 9.936439829302796678e-01
5.245701541667984202e+03 9.959233666266754659e-01
5.245721536554948216e+03 9.968967385047217133e-01
5.245741531441910411e+03 9.984878196203129663e-01
5.245761526328874425e+03 9.968009374221272756e-01
5.245781521215837529e+03 9.978074961156936373e-01
5.245801516102800633e+03 9.976416368363930642e-01
5.245821510989765557e+03 9.970691191723711766e-01
5.245841505876728661e+03 9.986018202180395598e-01
5.245861500763694494e+03 9.979057106019907364e-01
5.245881495650655779e+03 9.969625185379905608e-01
5.245901490537620703e+03 9.994107661743208970e-01
5.245921485424583807e+03 9.987054824274446130e-01
5.245941480311547821e+03 9.984250056546937202e-01
5.245961475198510925e+03 9.999174703516124918e-01
5.245981470085476758e+03 1.000031262581203118e+00
5.246001464972438953e+03 9.979548801870588015e-01
5.246021459859402967e+03 9.997675696941126233e-01
5.246041454746366981e+03 9.986625032265783464e-01
5.246061449633330085e+03 9.999304288731952761e-01
5.246081444520294099e+03 1.000908825140723213e+00
5.246101439407258113e+03 9.990716009735225445e-01
5.246121434294220307e+03 9.987007531228619950e-01
5.246141429181184321e+03 1.000382302614734487e+00
5.246161424068149245e+03 1.000322855765967578e+00
5.246181418955114168e+03 1.000009179639443913e+00
5.246201413842076363e+03 1.000521473054580612e+00
5.246221408729041286e+03 1.001093537097978547e+00
