5.251003364760574186e+03 1.001041813019943882e+00
5.251023359659639937e+03 9.997490089112099909e-01
5.251043354558704777e+03 1.000010340797450326e+00
5.251063349457770528e+03 1.001440317927715817e+00
5.251083344356837188e+03 1.001729532129219891e+00
5.251103339255902938e+03 9.996463897749278127e-01
5.251123334154967779e+03 1.000866646654404279e+00
5.251143329054032620e+03 1.000502543674502087e+00
5.251163323953096551e+03 1.000342819550489537e+00
5.251183318852160482e+03 9.995993985777530400e-01
5.251203313751228052e+03 1.000265199635293145e+00
5.251223308650292893e+03 1.000127556937790096e+00
5.251243303549356824e+03 9.988242023390051516e-01
5.251263298448424393e+03 9.993766416534343167e-01
5.251283293347486506e+03 9.996746429971331560e-01
5.251303288246553166e+03 9.997346821535869621e-01
5.251323283145618916e+03 9.996774824729531828e-01
5.251343278044683757e+03 9.985868927762500125e-01
5.251363272943749507e+03 9.969216837381047469e-01
5.251383267842814348e+03 9.969374057290444346e-01
5.251403262741880098e+03 9.988585933644398285e-01
5.251423257640944939e+03 9.977114838925124074e-01
5.251443252540008871e+03 9.978837125875765768e-01
5.251463247439075531e+03 9.972691346550056624e-01
5.251483242338139462e+03 9.982373928790859718e-01
5.251503237237204303e+03 9.972088719595688655e-01
5.251523232136271872e+03 9.968417543143274218e-01
5.251543227035334894e+03 9.970957060299988628e-01
5.251563221934401554e+03 9.965032810963622145e-01
5.251583216833466395e+03 9.979407561019572048e-01
5.251603211732530326e+03 9.984039732299268000e-01
5.251623206631596076e+03 9.981870514449436849e-01
5.251643201530660917e+03 9.961791604574231629e-01
5.251663196429726668e+03 9.977021180835682346e-01
5.251683191328789690e+03 9.989842327840369185e-01
5.251703186227858168e+03 9.984929538895310763e-01
5.251723181126923009e+03 9.985952245929712312e-01
5.251743176025986941e+03 9.970127997651349050e-01
5.251763170925054510e+03 9.974010047137332746e-01
5.251783165824119351e+03 9.987057210930710971e-01
5.251803160723183282e+03 9.983692796840104577e-01
5.251823155622247214e+03 9.991809054167082316e-01
5.251843150521314783e+03 1.000063779774204908e+00
5.251863145420377805e+03 9.998658177525219237e-01
5.251883140319444465e+03 9.995534699699478720e-01
5.251903135218509306e+03 9.990448834497308583e-01
5.251923130117573237e+03 9.980902279433877533e-01
5.251943125016638987e+03 9.995463765114378507e-01
5.251963119915704738e+03 1.000417285951764823e+00
5.251983114814769579e+03 1.000373010484884029e+00
5.252003109713836238e+03 9.997336493654676026e-01
5.252023104612899260e+03 9.996189202970877652e-01
5.252043099511965920e+03 1.001514116167898205e+00
5.252063094411029851e+03 1.000200465451897669e+00
5.252083089310097421e+03 1.000396132453193365e+00
5.252103084209161352e+03 9.994866282353492837e-01
5.252123079108225284e+03 1.001214046476072150e+00
5.252143074007292853e+03 1.000470196323064886e+00
