5.256365759675157278e+03 9.996610126454270606e-01
5.256385753822348306e+03 9.994662904380828827e-01
5.256405747969538425e+03 9.983827202428882108e-01
5.256425742116731271e+03 1.000395095134724022e+00
5.256445736263925937e+03 1.000898696131865551e+00
5.256465730411115146e+03 1.000441418637119773e+00
5.256485724558306174e+03 1.000484975883149774e+00
5.256505718705499021e+03 9.993420118332608792e-01
5.256525712852690049e+03 1.000723414951812051e+00
5.256545706999882896e+03 9.986042537990872381e-01
5.256565701147074833e+03 9.987918735191073649e-01
5.256585695294266770e+03 9.991487257956891410e-01
5.256605689441458708e+03 9.987396035916220605e-01
5.256625683588650645e+03 9.995424694760598472e-01
5.256645677735842582e+03 1.000357472474223464e+00
5.256665671883032701e+03 9.998698527064313613e-01
5.256685666030226457e+03 9.988538423743470451e-01
5.256705660177417485e+03 9.987074739364476539e-01
5.256725654324610332e+03 1.000096532304848740e+00
5.256745648471801360e+03 9.977120409989157501e-01
5.256765642618991478e+03 9.980516806867411050e-01
5.256785636766184325e+03 9.988379294212779147e-01
5.256805630913378081e+03 9.978847995555295558e-01
5.256825625060567290e+03 9.976446131852253485e-01
5.256845619207761047e+03 9.986362076279811095e-01
5.256865613354951165e+03 9.989851982550111975e-01
5.256885607502144012e+03 9.983474516672368182e-01
5.256905601649336859e+03 9.967744051532125837e-01
5.256925595796526977e+03 9.978310643998562490e-01
5.256945589943718005e+03 9.965152989623540236e-01
5.256965584090910852e+03 9.970331231730609201e-01
5.256985578238103699e+03 9.975455745326918811e-01
5.257005572385295636e+03 9.979410261009762362e-01
5.257025566532486664e+03 9.969240289419344370e-01
5.257045560679677692e+03 9.952723911901285581e-01
5.257065554826870539e+03 9.967268055535574156e-01
5.257085548974062476e+03 9.971311113453068531e-01
5.257105543121254414e+03 9.959624949217263934e-01
5.257125537268445441e+03 9.946682248586043995e-01
5.257145531415638288e+03 9.962331693020012313e-01
5.257165525562830226e+03 9.946343646111542869e-01
5.257185519710021254e+03 9.947175203306756197e-01
5.257205513857214100e+03 9.953732342726414606e-01
5.257225508004403309e+03 9.955974647406882205e-01
5.257245502151597975e+03 9.964998104096024489e-01
5.257265496298789913e+03 9.971306506173869266e-01
5.257285490445978212e+03 9.975158527597275393e-01
5.257305484593171968e+03 9.948232741715937744e-01
5.257325478740365725e+03 9.947250618856331439e-01
5.257345472887556753e+03 9.947692178026692478e-01
5.257365467034748690e+03 9.946051442335659409e-01
5.257385461181939718e+03 9.949254801600111442e-01
5.257405455329131655e+03 9.955546279012809086e-01
5.257425449476323593e+03 9.958709836352774847e-01
5.257445443623515530e+03 9.960125380872416612e-01
5.257465437770706558e+03 9.970644103965976557e-01
5.257485431917898495e+03 9.975885960926497154e-01
5.257505426065090433e+03 9.981186511595393496e-01
5.257525420212283279e+03 9.978777718922883233e-01
5.257545414359474307e+03 9.974423935213403425e-01
5.257565408506666245e+03 9.971004348384329141e-01
5.257585402653857273e+03 9.971986115948299201e-01
5.257605396801049210e+03 9.978778977534784600e-01
5.257625390948240238e+03 9.986304064952743476e-01
5.257645385095433085e+03 9.985565678700430992e-01
5.257665379242625932e+03 9.986589223592335918e-01
5.257685373389816959e+03 9.977032235185823161e-01
5.257705367537008897e+03 9.968994433565877555e-01
5.257725361684201744e+03 9.986424511265533654e-01
5.257745355831392772e+03 9.991642456578767595e-01
5.257765349978583799e+03 9.989727130877171790e-01
5.257785344125776646e+03 9.988514189536539245e-01
5.257805338272968584e+03 9.992509424970569265e-01
5.257825332420161430e+03 1.000039462054505446e+00
5.257845326567351549e+03 9.996977033045562067e-01
5.257865320714542577e+03 9.991806479153214626e-01
5.257885314861736333e+03 9.989041535700765584e-01
5.257905309008927361e+03 9.984558447359728195e-01
5.257925303156119298e+03 9.989446076152759257e-01
5.257945297303309417e+03 1.000043426257145374e+00
5.257965291450503173e+03 9.999007423982404497e-01
5.257985285597695110e+03 9.985348632411045200e-01
5.258005279744887048e+03 9.979577196101995229e-01
5.258025273892078076e+03 9.995865048440721878e-01
5.258045268039270013e+03 1.000042534792049409e+00
5.258065262186461950e+03 1.000834731132320021e+00
5.258085256333653888e+03 1.000592062867732501e+00
5.258105250480846735e+03 9.999277690079465541e-01
5.258125244628037763e+03 9.985406036452544321e-01
5.258145238775228790e+03 9.999594672370115678e-01
5.258165232922421637e+03 1.000295912712872770e+00
5.258185227069612665e+03 9.999198333836769592e-01
5.258205221216803693e+03 1.000321939868507037e+00
5.258225215363996540e+03 9.993439661546786867e-01
