5.261577481917202931e+03 1.001052256388405004e+00
5.261597476804166035e+03 9.993727260739311280e-01
5.261617471691130959e+03 9.996472072528189701e-01
5.261637466578093154e+03 9.998488855658890229e-01
5.261657461465057168e+03 9.993042796598342603e-01
5.261677456352022091e+03 1.000263765045810604e+00
5.261697451238986105e+03 1.000607750978489641e+00
5.261717446125947390e+03 1.002668951370373485e+00
5.261737441012913223e+03 1.001462157106391304e+00
5.261757435899876327e+03 9.999713853890979109e-01
5.261777430786840341e+03 1.001007655230549798e+00
5.261797425673804355e+03 1.000934840558284522e+00
5.261817420560766550e+03 9.981788226250573048e-01
5.261837415447729654e+03 9.997228560015091192e-01
5.261857410334695487e+03 1.000145638576330320e+00
5.261877405221658591e+03 9.995911568376611989e-01
5.261897400108622605e+03 1.000207384165171076e+00
5.261917394995585710e+03 9.990978340519010015e-01
5.261937389882549724e+03 9.982664738438277174e-01
5.261957384769513737e+03 9.992579321888683808e-01
5.261977379656477751e+03 9.980588143423344549e-01
5.261997374543442675e+03 9.978947751384364961e-01
5.262017369430403960e+03 9.977428271766360934e-01
5.262037364317367974e+03 9.993691100131641969e-01
5.262057359204331078e+03 9.972861005188010664e-01
5.262077354091296002e+03 9.968483137182497789e-01
5.262097348978259106e+03 9.958940288685182995e-01
5.262117343865223120e+03 9.951509765019342924e-01
5.262137338752187134e+03 9.964102946480892786e-01
5.262157333639151148e+03 9.956400245276936234e-01
5.262177328526113342e+03 9.941819860151891453e-01
5.262197323413078266e+03 9.950236872126057008e-01
5.262217318300041370e+03 9.958481623332252619e-01
5.262237313187004474e+03 9.956069307490541531e-01
5.262257308073968488e+03 9.942725194959577406e-01
5.262277302960932502e+03 9.944512282641096990e-01
5.262297297847895607e+03 9.939531185451717654e-01
5.262317292734859620e+03 9.936923381090732033e-01
5.262337287621824544e+03 9.941153152430919349e-01
5.262357282508787648e+03 9.943184036455029462e-01
5.262377277395750752e+03 9.940048764144090443e-01
5.262397272282715676e+03 9.941222596396571687e-01
5.262417267169678780e+03 9.938923866115786376e-01
5.262437262056642794e+03 9.963386838526909761e-01
5.262457256943607717e+03 9.954137849986599562e-01
5.262477251830570822e+03 9.966833999451754078e-01
5.262497246717533017e+03 9.959386210582154009e-01
5.262517241604498849e+03 9.978505083460261771e-01
5.262537236491462863e+03 9.988052107804596957e-01
5.262557231378425968e+03 9.993682141776663030e-01
5.262577226265389072e+03 9.991707040204346191e-01
5.262597221152353086e+03 9.990033718190056700e-01
5.262617216039316190e+03 9.996917755883197865e-01
5.262637210926280204e+03 1.000082832893426144e+00
5.262657205813243309e+03 1.000912891375130176e+00
5.262677200700208232e+03 1.000893121135060237e+00
5.262697195587173155e+03 1.000537750300658280e+00
5.262717190474137169e+03 1.002921489929876175e+00
5.262737185361099364e+03 9.996679611582413028e-01
5.262757180248063378e+03 9.993908189604583381e-01
5.262777175135025573e+03 1.000286878100178578e+00
5.262797170021991406e+03 1.000117933289331962e+00
5.262817164908954510e+03 9.999017955014994907e-01
5.262837159795916705e+03 1.000090701693930217e+00
5.262857154682880719e+03 9.999658862406570758e-01
5.262877149569844732e+03 1.000114466014618619e+00
5.262897144456808746e+03 1.001765477451409314e+00
5.262917139343772760e+03 9.984579057572224858e-01
5.262937134230737684e+03 9.995695533237335395e-01
5.262957129117700788e+03 1.001146765177155062e+00
