5.303477286270083823e+03 1.001161452755576997e+00
5.303497281248138279e+03 9.985570713699557510e-01
5.303517276226192735e+03 1.000232102216216390e+00
5.303537271204247190e+03 1.000181905790920478e+00
5.303557266182303465e+03 9.997808228862357094e-01
5.303577261160357011e+03 1.000094953207202320e+00
5.303597256138409648e+03 9.993310316954689965e-01
5.303617251116465923e+03 9.999009846651630840e-01
5.303637246094520378e+03 1.000659113067636108e+00
5.303657241072573925e+03 9.999671091942927692e-01
5.303677236050630199e+03 1.000717572449246973e+00
5.303697231028682836e+03 9.992866033927347846e-01
5.303717226006738201e+03 1.001124261685014227e+00
5.303737220984794476e+03 1.001506282385160151e+00
5.303757215962848022e+03 9.990729789520050863e-01
5.303777210940901568e+03 9.988286344552117502e-01
5.303797205918955115e+03 1.000833428422222893e+00
5.303817200897011389e+03 9.997168907091751322e-01
5.303837195875067664e+03 9.996472854650247930e-01
5.303857190853120301e+03 9.989520466787508157e-01
5.303877185831173847e+03 9.984741150751796912e-01
5.303897180809229212e+03 9.981885688814343682e-01
5.303917175787284577e+03 9.983448417142829490e-01
5.303937170765338124e+03 9.979147628660963720e-01
5.303957165743395308e+03 9.965934772841874567e-01
5.303977160721447035e+03 9.978115020942094349e-01
5.303997155699504219e+03 9.958674633429996925e-01
5.304017150677555946e+03 9.967467615202397768e-01
5.304037145655613131e+03 9.958101920000254070e-01
5.304057140633665767e+03 9.956292579889700622e-01
5.304077135611721133e+03 9.965575780698316954e-01
5.304097130589774679e+03 9.954186759021996789e-01
5.304117125567829135e+03 9.938713489104955556e-01
5.304137120545883590e+03 9.950529682980324697e-01
5.304157115523937136e+03 9.963400319223791879e-01
5.304177110501993411e+03 9.967736856976663340e-01
5.304197105480048776e+03 9.957829610279016475e-01
5.304217100458105051e+03 9.969188137662344795e-01
5.304237095436156778e+03 9.955478169050935300e-01
5.304257090414212144e+03 9.966194143040818521e-01
5.304277085392267509e+03 9.963285902760145030e-01
5.304297080370321055e+03 9.952916536833058547e-01
5.304317075348376420e+03 9.959341056314235940e-01
5.304337070326430876e+03 9.975879138132450752e-01
5.304357065304484422e+03 1.000175978365543283e+00
5.304377060282537968e+03 9.978986529191590238e-01
5.304397055260592424e+03 9.984778716736659732e-01
5.304417050238648699e+03 9.997107160902486411e-01
5.304437045216703154e+03 9.996419003609010590e-01
5.304457040194757610e+03 9.994255417739932312e-01
5.304477035172812066e+03 9.988261590946965196e-01
5.304497030150866522e+03 9.992458464775931803e-01
5.304517025128920068e+03 1.002177538620729891e+00
5.304537020106975433e+03 1.001474036283439117e+00
5.304557015085029889e+03 1.000673377087213156e+00
5.304577010063085254e+03 1.000212069209136967e+00
5.304597005041138800e+03 1.000710532813198883e+00
5.304617000019193256e+03 1.000711137210915869e+00
5.304636994997248621e+03 9.999184257792993469e-01
5.304656989975303077e+03 9.988849887320241372e-01
5.304676984953358442e+03 9.993830420318723373e-01
5.304696979931413807e+03 1.001232522914500267e+00
5.304716974909465534e+03 1.000029470021396971e+00
5.304736969887520900e+03 1.000035030347831144e+00
5.304756964865576265e+03 9.993182766628445624e-01
5.304776959843628902e+03 1.001505754487633348e+00
