5.348916448994312304e+03 9.992385945588105889e-01
5.348936443953039088e+03 9.999284381999434812e-01
5.348956438911764053e+03 1.000174479001072925e+00
5.348976433870489927e+03 9.999994806805085901e-01
5.348996428829218530e+03 1.000819343699687947e+00
5.349016423787940766e+03 1.000882377351010488e+00
5.349036418746670279e+03 1.000020422862216929e+00
5.349056413705395244e+03 9.992126067966736747e-01
5.349076408664121118e+03 1.000016711603072483e+00
5.349096403622846992e+03 1.003065489980972780e+00
5.349116398581572867e+03 1.002254876150682650e+00
5.349136393540299650e+03 1.000513773099846349e+00
5.349156388499026434e+03 1.000298966895687647e+00
5.349176383457753218e+03 9.985422052935217785e-01
5.349196378416477273e+03 9.985968906305541237e-01
5.349216373375204967e+03 9.998263002488649853e-01
5.349236368333929022e+03 9.998449509236434496e-01
5.349256363292654896e+03 9.977690334069266864e-01
5.349276358251380771e+03 9.990356078745735724e-01
5.349296353210109373e+03 9.978309031369502202e-01
5.349316348168833429e+03 9.977699378128032093e-01
5.349336343127561122e+03 9.984824562025981232e-01
5.349356338086286087e+03 9.977426142195905401e-01
5.349376333045012871e+03 9.980111921842754752e-01
5.349396328003739654e+03 9.987785474325839852e-01
5.349416322962462800e+03 9.968192605690436858e-01
5.349436317921191403e+03 9.957261942119249865e-01
5.349456312879916368e+03 9.973383225793558404e-01
5.349476307838643152e+03 9.986295989114765126e-01
5.349496302797369935e+03 9.974431406550040569e-01
5.349516297756093991e+03 9.975202316024360805e-01
5.349536292714821684e+03 9.978164283575422511e-01
5.349556287673544830e+03 9.973248714437541462e-01
5.349576282632272523e+03 9.964226793547249494e-01
5.349596277590999307e+03 9.968152421742834113e-01
5.349616272549726091e+03 9.996139708808153834e-01
5.349636267508450146e+03 9.978964368259186646e-01
5.349656262467176930e+03 9.984011328189138501e-01
5.349676257425902804e+03 9.972779513924517891e-01
5.349696252384630498e+03 9.986647335052077912e-01
5.349716247343354553e+03 9.997524395309060896e-01
5.349736242302080427e+03 9.980989941646876140e-01
5.349756237260808120e+03 9.980878269380810686e-01
5.349776232219533995e+03 1.001301591038250338e+00
5.349796227178258050e+03 1.000851902005810867e+00
5.349816222136983924e+03 9.984541798861613637e-01
5.349836217095712527e+03 9.988864670810159163e-01
5.349856212054438402e+03 9.993735095887242847e-01
5.349876207013162457e+03 9.997921679343282353e-01
5.349896201971891060e+03 9.998835804004172489e-01
5.349916196930616934e+03 9.994218579487399445e-01
5.349936191889340989e+03 1.001850599361159944e+00
5.349956186848067773e+03 1.001561602850104649e+00
5.349976181806796376e+03 1.000705811093637765e+00
5.349996176765523160e+03 1.000451400019327863e+00
5.350016171724248125e+03 1.000009981394878844e+00
5.350036166682973999e+03 1.000091327622286252e+00
5.350056161641699873e+03 1.000224135394696789e+00
5.350076156600423928e+03 9.995454495967873720e-01
5.350096151559149803e+03 9.987780528726677431e-01
