5.402853727190838072e+03 1.001042417270229024e+00
5.402873722243880366e+03 1.000640197602194359e+00
5.402893717296923569e+03 1.000908820140843369e+00
5.402913712349965863e+03 9.998788904006921108e-01
5.402933707403008157e+03 9.990955894356885469e-01
5.402953702456051360e+03 9.989410799256500662e-01
5.402973697509092744e+03 9.993358972009982466e-01
5.402993692562135948e+03 1.000746785038919340e+00
5.403013687615179151e+03 9.997711026712551297e-01
5.403033682668220536e+03 1.000328141675585147e+00
5.403053677721265558e+03 9.998391051755102232e-01
5.403073672774305123e+03 1.000284816198331095e+00
5.403093667827347417e+03 9.997912041124599192e-01
5.403113662880392440e+03 1.000842487737617637e+00
5.403133657933432914e+03 1.000657906320920443e+00
5.403153652986477027e+03 9.998574353123323988e-01
5.403173648039519321e+03 1.000512190368362031e+00
5.403193643092560706e+03 1.000478995407964256e+00
5.403213638145603909e+03 1.000483565087386228e+00
5.403233633198647112e+03 9.994416671337389424e-01
5.403253628251689406e+03 9.999431032045014156e-01
5.403273623304732610e+03 9.985840788571667126e-01
5.403293618357773994e+03 9.995991391605586474e-01
5.403313613410815378e+03 9.980716809086686014e-01
5.403333608463861310e+03 9.980040611735432332e-01
5.403353603516901785e+03 9.995663408694090979e-01
5.403373598569944079e+03 9.992398439161361834e-01
5.403393593622987282e+03 9.983309859516937834e-01
5.403413588676031395e+03 9.989679942192633000e-01
5.403433583729071870e+03 9.975067380296775976e-01
5.403453578782114164e+03 9.979802441562897197e-01
5.403473573835158277e+03 9.981983997172212408e-01
5.403493568888200571e+03 9.973039175469190498e-01
5.403513563941241955e+03 9.970200342446018382e-01
5.403533558994286068e+03 9.970432332567757960e-01
5.403553554047327452e+03 9.972928237235981763e-01
5.403573549100369746e+03 9.972785056953112903e-01
5.403593544153412950e+03 9.956597184666103884e-01
5.403613539206455243e+03 9.969303392865481728e-01
5.403633534259498447e+03 9.942634088510253765e-01
5.403653529312539831e+03 9.954873943139600501e-01
5.403673524365582125e+03 9.948432642946148929e-01
5.403693519418625328e+03 9.932068434659807599e-01
5.403713514471668532e+03 9.924091875534361007e-01
5.403733509524711735e+03 9.934883526638581541e-01
5.403753504577753120e+03 9.942720750335244384e-01
5.403773499630796323e+03 9.932504285773200436e-01
5.403793494683838617e+03 9.929539292455065169e-01
5.403813489736879092e+03 9.931048721864359496e-01
5.403833484789924114e+03 9.922426614535665435e-01
5.403853479842966408e+03 9.915165090755072574e-01
5.403873474896008702e+03 9.936859465934217983e-01
5.403893469949052815e+03 9.921824201989430936e-01
5.403913465002092380e+03 9.911801766928203250e-01
5.403933460055137402e+03 9.900839127138950646e-01
5.403953455108176968e+03 9.897273246736334462e-01
5.403973450161222900e+03 9.901610747956669512e-01
5.403993445214263375e+03 9.889541035996816110e-01
5.404013440267308397e+03 9.878316318720330447e-01
5.404033435320349781e+03 9.885145756920319382e-01
5.404053430373391166e+03 9.865372644182891504e-01
5.404073425426434369e+03 9.858892096015212658e-01
5.404093420479476663e+03 9.841229819313317417e-01
5.404113415532520776e+03 9.858865484860883655e-01
5.404133410585560341e+03 9.859613442704210362e-01
5.404153405638605363e+03 9.846788651986537744e-01
5.404173400691647657e+03 9.845137214489995126e-01
5.404193395744690861e+03 9.850413056567463022e-01
5.404213390797731336e+03 9.837562271615526432e-01
5.404233385850776358e+03 9.823591788891660181e-01
5.404253380903817742e+03 9.833442269965932958e-01
5.404273375956859127e+03 9.837605608469633944e-01
5.404293371009903240e+03 9.815303309929155340e-01
5.404313366062945533e+03 9.825717158899400783e-01
5.404333361115987827e+03 9.834332074030666115e-01
5.404353356169031940e+03 9.827605556289035205e-01
5.404373351222072415e+03 9.819955558322712719e-01
5.404393346275116528e+03 9.822919241665002410e-01
5.404413341328157912e+03 9.827187665549628193e-01
5.404433336381201116e+03 9.837145893459749990e-01
5.404453331434243410e+03 9.845206948317766216e-01
5.404473326487286613e+03 9.852454776182421048e-01
5.404493321540326178e+03 9.850874078436336889e-01
5.404513316593371201e+03 9.842854150490801812e-01
5.404533311646412585e+03 9.855625714774531865e-01
5.404553306699455788e+03 9.862182345489508561e-01
5.404573301752497173e+03 9.861601218770323918e-01
5.404593296805541286e+03 9.862801833319623235e-01
5.404613291858584489e+03 9.869544857787545533e-01
5.404633286911628602e+03 9.893634226597826098e-01
5.404653281964667258e+03 9.898748226220470681e-01
5.404673277017708642e+03 9.902421317974225978e-01
5.404693272070753665e+03 9.910611351653929590e-01
5.404713267123796868e+03 9.909346628561669368e-01
5.404733262176840071e+03 9.915460736696702915e-01
5.404753257229881456e+03 9.934509544703072903e-01
5.404773252282923750e+03 9.940899854423380644e-01
5.404793247335968772e+03 9.939468847671193430e-01
5.404813242389011066e+03 9.950231967867900762e-01
5.404833237442052450e+03 9.965360395164462037e-01
5.404853232495093835e+03 9.959194962888248126e-01
5.404873227548137038e+03 9.967490741216759043e-01
5.404893222601180241e+03 9.969363698197786228e-01
5.404913217654222535e+03 9.967024541777718127e-01
5.404933212707264829e+03 9.967277781777147405e-01
5.404953207760305304e+03 9.973284417129534285e-01
5.404973202813349417e+03 9.978207677251021979e-01
5.404993197866392620e+03 9.988939588565384220e-01
5.405013192919435824e+03 1.000243439796591138e+00
5.405033187972476298e+03 1.000760269444052497e+00
5.405053183025520411e+03 1.000389516353486608e+00
5.405073178078561796e+03 9.989545204716498983e-01
5.405093173131606818e+03 9.997894177011444894e-01
5.405113168184648202e+03 1.000437302355316582e+00
5.405133163237693225e+03 1.000823047710476921e+00
5.405153158290733700e+03 9.996249319066654593e-01
5.405173153343774175e+03 9.988259932332368418e-01
5.405193148396820106e+03 9.989626782070983868e-01
5.405213143449860581e+03 9.992796456585563147e-01
5.405233138502904694e+03 9.998722462581761672e-01
5.405253133555945169e+03 1.000642185098220782e+00
5.405273128608987463e+03 9.997118203145176629e-01
5.405293123662031576e+03 9.993585063148222591e-01
5.405313118715074779e+03 1.000666041574909126e+00
5.405333113768116164e+03 1.000393528412215183e+00
5.405353108821159367e+03 9.997368116312032038e-01
5.405373103874200751e+03 1.000277692670447305e+00
5.405393098927245774e+03 1.000857761540767221e+00
5.405413093980285339e+03 1.000082740586719643e+00
5.405433089033328542e+03 9.993923096615201507e-01
5.405453084086370836e+03 9.992226453576888989e-01
5.405473079139414040e+03 9.984654251784630397e-01
5.405493074192455424e+03 9.977170693881615149e-01
5.405513069245497718e+03 9.980285816850618108e-01
5.405533064298540921e+03 9.988064217096381814e-01
5.405553059351583215e+03 9.999486441076460563e-01
5.405573054404626419e+03 1.000818848438566055e+00
