5.417233448982517075e+03 9.996065147145464236e-01
5.417253444047662015e+03 1.000961601474502416e+00
5.417273439112805136e+03 1.001887206137687336e+00
5.417293434177950076e+03 1.002477787606352200e+00
5.417313429243093196e+03 1.001636202477351523e+00
5.417333424308238136e+03 1.001477076033121971e+00
5.417353419373383076e+03 1.000756316749021879e+00
5.417373414438525288e+03 9.998987238540835154e-01
5.417393409503671137e+03 1.000637531834416283e+00
5.417413404568816077e+03 1.000761661422691740e+00
5.417433399633956469e+03 9.993998789540943228e-01
5.417453394699103228e+03 1.000287282953817414e+00
5.417473389764246349e+03 1.000657907756397957e+00
5.417493384829389470e+03 9.996074026871996088e-01
5.417513379894536229e+03 9.999459146137711363e-01
5.417533374959678440e+03 9.998716640895802810e-01
5.417553370024824289e+03 9.992849249684991886e-01
5.417573365089965591e+03 9.984715159476893476e-01
5.417593360155111441e+03 9.982970548482489326e-01
5.417613355220256381e+03 9.987228307845813502e-01
5.417633350285399501e+03 9.995157182539768925e-01
5.417653345350543532e+03 9.988063142862860788e-01
5.417673340415686653e+03 9.995231226139165148e-01
5.417693335480832502e+03 9.999835285436561305e-01
5.417713330545976532e+03 9.996674874440555358e-01
5.417733325611121472e+03 9.991035941645679541e-01
5.417753320676263684e+03 9.992051501238390365e-01
5.417773315741407714e+03 9.968905394475621184e-01
5.417793310806551744e+03 9.983945571251157114e-01
5.417813305871696684e+03 9.999670942426969189e-01
5.417833300936840715e+03 9.980144851043255549e-01
5.417853296001984745e+03 9.972718127742797867e-01
5.417873291067127866e+03 9.977998358942781199e-01
5.417893286132273715e+03 9.976181860547753688e-01
5.417913281197417746e+03 9.972117617812633616e-01
5.417933276262560867e+03 9.972626606632598589e-01
5.417953271327705806e+03 9.976410446919254937e-01
5.417973266392849837e+03 9.966509029221791716e-01
5.417993261457992958e+03 9.977385355736103634e-01
5.418013256523138807e+03 9.967823823808847905e-01
5.418033251588282837e+03 9.961040926322425326e-01
5.418053246653425049e+03 9.966463146261835826e-01
5.418073241718569989e+03 9.961052811230872717e-01
5.418093236783714019e+03 9.957028608175434448e-01
5.418113231848858959e+03 9.929494995758013642e-01
5.418133226914002989e+03 9.921829603356454585e-01
5.418153221979147020e+03 9.928711459921433224e-01
5.418173217044289231e+03 9.950998514128164274e-01
5.418193212109434171e+03 9.963711648702278101e-01
5.418213207174579111e+03 9.972006496611022230e-01
5.418233202239724051e+03 9.965599476996674921e-01
5.418253197304866262e+03 9.942425441780096129e-01
5.418273192370010293e+03 9.949937157039031588e-01
5.418293187435154323e+03 9.927020172432845513e-01
5.418313182500300172e+03 9.926911919379666216e-01
5.418333177565444203e+03 9.902632107978222020e-01
5.418353172630587324e+03 9.895028073521991985e-01
5.418373167695731354e+03 9.903686740934255495e-01
5.418393162760878113e+03 9.883739420627445371e-01
5.418413157826020324e+03 9.883651691967796360e-01
5.418433152891163445e+03 9.882822044515083837e-01
5.418453147956310204e+03 9.882824412840954809e-01
5.418473143021450596e+03 9.858091127902576245e-01
5.418493138086595536e+03 9.854038641738313009e-01
5.418513133151741386e+03 9.858246513750633655e-01
5.418533128216884506e+03 9.862646950514645239e-01
5.418553123282029446e+03 9.856859639023333175e-01
5.418573118347174386e+03 9.858281813402635096e-01
5.418593113412316598e+03 9.864257389053603386e-01
5.418613108477462447e+03 9.861630202322526628e-01
5.418633103542605568e+03 9.873815037992438315e-01
5.418653098607748689e+03 9.864854169530513639e-01
5.418673093672891810e+03 9.869471541939495163e-01
5.418693088738035840e+03 9.874038251104485520e-01
5.418713083803182599e+03 9.861146974957464284e-01
5.418733078868326629e+03 9.861393621082197303e-01
5.418753073933469750e+03 9.843846374932729848e-01
5.418773068998613780e+03 9.838554766414646657e-01
5.418793064063756901e+03 9.843582917964890378e-01
5.418813059128901841e+03 9.843206893124080148e-01
5.418833054194046781e+03 9.841744704846268066e-01
5.418853049259189902e+03 9.844993070833758519e-01
5.418873044324333932e+03 9.856664363330126521e-01
5.418893039389478872e+03 9.861138580015119670e-01
5.418913034454621993e+03 9.862336238301467883e-01
5.418933029519766933e+03 9.877199414456860893e-01
5.418953024584910963e+03 9.908749234171720932e-01
5.418973019650054994e+03 9.899176054806461122e-01
5.418993014715199934e+03 9.907354475378213898e-01
5.419013009780343054e+03 9.927533399847213724e-01
5.419033004845486175e+03 9.938643088803681414e-01
5.419052999910631115e+03 9.946465494886955749e-01
5.419072994975775146e+03 9.943091383281787987e-01
5.419092990040919176e+03 9.955361736593371091e-01
5.419112985106065025e+03 9.937869509882077956e-01
5.419132980171209056e+03 9.952767526758703465e-01
5.419152975236352177e+03 9.943960460738381357e-01
5.419172970301496207e+03 9.960055005822536778e-01
5.419192965366638418e+03 9.934317725194969917e-01
5.419212960431783358e+03 9.910677374817423724e-01
5.419232955496930117e+03 9.881533896671476080e-01
5.419252950562073238e+03 9.894013125194041081e-01
5.419272945627216359e+03 9.930040178763241965e-01
5.419292940692362208e+03 9.973481418833635148e-01
5.419312935757504420e+03 9.957008935626431301e-01
5.419332930822648450e+03 9.975611023946633349e-01
5.419352925887792480e+03 9.980489002181190950e-01
5.419372920952938330e+03 9.987338885031123992e-01
5.419392916018080541e+03 9.980093441267690046e-01
5.419412911083226390e+03 9.997812223219998407e-01
5.419432906148370421e+03 1.001094511706995593e+00
5.419452901213514451e+03 9.991893491126696558e-01
5.419472896278657572e+03 1.002082810666978574e+00
5.419492891343802512e+03 1.000626803486475813e+00
5.419512886408946542e+03 1.000279722297649831e+00
5.419532881474089663e+03 1.000902068421426039e+00
5.419552876539234603e+03 1.000009832480672767e+00
5.419572871604375905e+03 9.997507923757624759e-01
5.419592866669522664e+03 9.999984068133693782e-01
5.419612861734666694e+03 1.001632629616600711e+00
5.419632856799811634e+03 1.000632412944345573e+00
5.419652851864955664e+03 1.000324726363196914e+00
5.419672846930098785e+03 1.000569067008542312e+00
5.419692841995242816e+03 1.000291530524193284e+00
5.419712837060385937e+03 9.992484573392285130e-01
5.419732832125531786e+03 9.994845347964920190e-01
5.419752827190673997e+03 1.000564148812979948e+00
5.419772822255818937e+03 9.994014030935787218e-01
5.419792817320963877e+03 9.979744731087316634e-01
5.419812812386106998e+03 9.994189532050105074e-01
5.419832807451251938e+03 1.000470053211666821e+00
5.419852802516395059e+03 9.991313537609726181e-01
5.419872797581539999e+03 1.000360452624738716e+00
5.419892792646684939e+03 1.001329927594683644e+00
5.419912787711828059e+03 1.000066161577061186e+00
