5.423131993200029683e+03 9.994021186270078960e-01
5.423151988265171894e+03 1.000490747049664897e+00
5.423171983330319563e+03 1.000247433598920654e+00
5.423191978395461774e+03 9.999781848789417449e-01
5.423211973460606714e+03 9.987516710759433147e-01
5.423231968525750744e+03 9.991594130194216827e-01
5.423251963590894775e+03 9.986571977297150626e-01
5.423271958656040624e+03 1.000279538087363917e+00
5.423291953721183745e+03 9.991437398267217773e-01
5.423311948786327775e+03 9.990976051823230453e-01
5.423331943851469987e+03 1.000272545582100658e+00
5.423351938916614927e+03 1.000184813668214101e+00
5.423371933981759867e+03 9.993622068207266285e-01
5.423391929046902987e+03 9.991113431259368571e-01
5.423411924112048837e+03 9.992386221124949230e-01
5.423431919177191048e+03 9.988378488356483009e-01
5.423451914242334169e+03 9.995168771569209465e-01
5.423471909307480018e+03 9.988526295940133304e-01
5.423491904372624958e+03 9.982992639364453025e-01
5.423511899437767170e+03 1.000051936130366359e+00
5.423531894502912110e+03 9.984650105361335681e-01
5.423551889568057049e+03 9.964578377316931634e-01
5.423571884633201080e+03 9.969475000403581477e-01
5.423591879698343291e+03 9.987897303964187179e-01
5.423611874763489141e+03 9.978779308757450561e-01
5.423631869828632261e+03 9.977737746642464378e-01
5.423651864893776292e+03 9.979083009295953710e-01
5.423671859958922141e+03 9.988365277860056235e-01
5.423691855024064353e+03 9.981420997527948868e-01
5.423711850089207474e+03 9.988297293525193465e-01
5.423731845154353323e+03 9.984875989940567020e-01
5.423751840219498263e+03 9.964666867120496319e-01
5.423771835284643203e+03 9.963404298419598071e-01
5.423791830349785414e+03 9.970393711594236485e-01
5.423811825414928535e+03 9.955898262262806719e-01
5.423831820480074384e+03 9.956630735933837961e-01
5.423851815545218415e+03 9.946771339273876578e-01
5.423871810610362445e+03 9.958333448602130211e-01
5.423891805675508294e+03 9.956905940955875778e-01
5.423911800740650506e+03 9.964408329684439902e-01
5.423931795805795446e+03 9.962577429414920527e-01
5.423951790870937657e+03 9.958600679155532598e-01
5.423971785936082597e+03 9.972359230929133123e-01
5.423991781001225718e+03 9.969954499469146914e-01
5.424011776066369748e+03 9.961836431218453747e-01
5.424031771131515598e+03 9.949655145403509815e-01
5.424051766196658718e+03 9.967939524115160266e-01
5.424071761261804568e+03 9.968235742658725362e-01
5.424091756326947689e+03 9.964672310156770241e-01
5.424111751392091719e+03 9.967788243474327015e-01
5.424131746457234840e+03 9.964260867539851407e-01
5.424151741522377961e+03 9.971325349255015791e-01
5.424171736587525629e+03 9.974779108909749281e-01
5.424191731652667841e+03 9.977001138658395663e-01
5.424211726717811871e+03 9.965413626307008110e-01
5.424231721782954992e+03 9.994307758858881341e-01
5.424251716848099022e+03 9.982235566304101804e-01
5.424271711913243053e+03 9.975925474736189180e-01
5.424291706978388902e+03 9.989715315851007693e-01
5.424311702043531113e+03 9.980344734087954750e-01
5.424331697108676053e+03 9.987868383438952558e-01
5.424351692173819174e+03 9.985307001712541153e-01
5.424371687238965023e+03 9.979958071791733554e-01
5.424391682304107235e+03 9.978005433907044530e-01
5.424411677369253084e+03 9.980443808755247170e-01
5.424431672434396205e+03 9.985643907950145781e-01
5.424451667499541145e+03 9.986603006603429478e-01
5.424471662564685175e+03 9.985809786481049111e-01
5.424491657629829206e+03 1.000313488205758938e+00
5.424511652694972327e+03 9.984425387951444408e-01
5.424531647760119085e+03 9.990700276184391049e-01
5.424551642825261297e+03 9.991475934218569943e-01
5.424571637890407146e+03 9.992512165582027039e-01
5.424591632955551177e+03 1.000465168029603280e+00
5.424611628020695207e+03 1.000255843952420065e+00
5.424631623085839237e+03 1.000585866896298581e+00
5.424651618150983268e+03 9.999243566446410769e-01
5.424671613216127298e+03 9.997850711094394827e-01
5.424691608281269509e+03 9.987843798416755625e-01
5.424711603346414449e+03 9.984468257864020924e-01
5.424731598411557570e+03 9.977244253550682229e-01
5.424751593476704329e+03 9.986287726157190292e-01
5.424771588541847450e+03 9.996598366264933810e-01
5.424791583606991480e+03 1.000867326154637915e+00
5.424811578672132782e+03 1.000684198032753880e+00
5.424831573737280451e+03 9.994491689190171391e-01
5.424851568802424481e+03 9.988906733392188819e-01
5.424871563867567602e+03 9.995867485771919858e-01
5.424891558932712542e+03 1.000178839559479060e+00
5.424911553997855663e+03 9.993194685094189955e-01
5.424931549062999693e+03 9.986629951392451687e-01
5.424951544128143723e+03 9.995504134886837866e-01
