5.442434591768905193e+03 9.995098633691609225e-01
5.442454586909453610e+03 9.999546298986823345e-01
5.442474582049999299e+03 1.000289309012371453e+00
5.442494577190547716e+03 1.000486412472558317e+00
5.442514572331094314e+03 9.996345700924661459e-01
5.442534567471640912e+03 9.995787485634539671e-01
5.442554562612188420e+03 9.996172561465157536e-01
5.442574557752735018e+03 1.000079996643683300e+00
5.442594552893281616e+03 1.001402943789030608e+00
5.442614548033829124e+03 1.000938930148221662e+00
5.442634543174377541e+03 1.000570960920005081e+00
5.442654538314921410e+03 1.001509225647427836e+00
5.442674533455468008e+03 1.000659672839320447e+00
5.442694528596016426e+03 1.000124715067963965e+00
5.442714523736564843e+03 1.000254685515640674e+00
5.442734518877109622e+03 9.999929627118191444e-01
5.442754514017657129e+03 9.998416917262242798e-01
5.442774509158202818e+03 9.970796950347308174e-01
5.442794504298751235e+03 9.982898332047384082e-01
5.442814499439298743e+03 9.976307570892367638e-01
5.442834494579845341e+03 9.968336078343539297e-01
5.442854489720391030e+03 9.964648405153593291e-01
5.442874484860939447e+03 9.954004712189423731e-01
5.442894480001486954e+03 9.929895179912336944e-01
5.442914475142033552e+03 9.934710310316442472e-01
5.442934470282579241e+03 9.936129835111171538e-01
5.442954465423125839e+03 9.931443631905482183e-01
5.442974460563674256e+03 9.929567598257842409e-01
5.442994455704219945e+03 9.928089173293557224e-01
5.443014450844765634e+03 9.918354323673624906e-01
5.443034445985314051e+03 9.920515938701476299e-01
5.443054441125860649e+03 9.919761137847439292e-01
5.443074436266408156e+03 9.927187243270739758e-01
5.443094431406955664e+03 9.931297521561880393e-01
5.443114426547500443e+03 9.928579556338562595e-01
5.443134421688048860e+03 9.927939094378079865e-01
5.443154416828595458e+03 9.942390027054941459e-01
5.443174411969142966e+03 9.950269650418429590e-01
5.443194407109688655e+03 9.966716167433905538e-01
5.443214402250236162e+03 9.969959781822289591e-01
5.443234397390783670e+03 9.976565205965510774e-01
5.443254392531329358e+03 9.976766021176595167e-01
5.443274387671875957e+03 9.975943235184836499e-01
5.443294382812424374e+03 9.987296426779546099e-01
5.443314377952970972e+03 9.983732261853169865e-01
5.443334373093517570e+03 9.981560053458427006e-01
5.443354368234065078e+03 9.994265134415908358e-01
5.443374363374611676e+03 9.990215381858853494e-01
5.443394358515158274e+03 9.988756006745925786e-01
5.443414353655704872e+03 9.998925750362767095e-01
5.443434348796251470e+03 1.001201105523862545e+00
5.443454343936798978e+03 9.997554534308893404e-01
5.443474339077346485e+03 1.001934976466256177e+00
5.443494334217893083e+03 1.000686643216068150e+00
5.443514329358438772e+03 1.001276492974619625e+00
5.443534324498987189e+03 1.001472447160631107e+00
5.443554319639532878e+03 1.001059098339776465e+00
5.443574314780080385e+03 1.001069612250705454e+00
5.443594309920628803e+03 1.000077845178800606e+00
5.443614305061174491e+03 1.000543390073410421e+00
