5.483098806200158833e+03 9.997731388537101083e-01
5.483118801348241504e+03 1.001428753812188654e+00
5.483138796496323266e+03 1.001410010099711423e+00
5.483158791644405028e+03 1.000337826019799925e+00
5.483178786792487699e+03 9.995994737108045980e-01
5.483198781940569461e+03 1.000653712118603877e+00
5.483218777088652132e+03 9.991119070470342312e-01
5.483238772236734803e+03 1.000316881235421285e+00
5.483258767384814746e+03 1.000440666308551219e+00
5.483278762532899236e+03 9.989502001078117699e-01
5.483298757680980088e+03 9.985191223338545363e-01
5.483318752829062760e+03 1.000219375936949984e+00
5.483338747977144521e+03 9.992004324129412085e-01
5.483358743125226283e+03 9.982226990766844832e-01
5.483378738273308954e+03 9.975153128564853144e-01
5.483398733421389807e+03 9.969725222268410736e-01
5.483418728569473387e+03 9.968790426333725696e-01
5.483438723717555149e+03 9.971758248862866436e-01
5.483458718865637820e+03 9.965881341326303655e-01
5.483478714013720491e+03 9.951873300438229819e-01
5.483498709161803163e+03 9.938385908184556028e-01
5.483518704309882196e+03 9.947248105953128139e-01
5.483538699457963958e+03 9.935461023376203071e-01
5.483558694606048448e+03 9.950778586001435277e-01
5.483578689754132029e+03 9.949335153188029190e-01
5.483598684902212881e+03 9.947276457846772058e-01
5.483618680050293733e+03 9.961232076859047879e-01
5.483638675198376404e+03 9.963706119885139545e-01
5.483658670346457257e+03 9.955284848955109345e-01
5.483678665494541747e+03 9.952747786563461707e-01
5.483698660642622599e+03 9.954162555950981650e-01
5.483718655790705270e+03 9.952980918538822941e-01
5.483738650938788851e+03 9.940329220168016011e-01
5.483758646086869703e+03 9.962542720264527807e-01
5.483778641234951465e+03 9.960444585965774200e-01
5.483798636383033227e+03 9.972516514962137535e-01
5.483818631531115898e+03 9.981331212057735769e-01
5.483838626679199479e+03 9.976390462860442732e-01
5.483858621827279421e+03 9.989032195452174356e-01
5.483878616975360273e+03 1.000857113368645912e+00
5.483898612123444764e+03 1.000028834332349570e+00
5.483918607271524706e+03 9.998528580935222010e-01
5.483938602419608287e+03 1.000279257657976428e+00
5.483958597567691868e+03 9.998779612946815387e-01
5.483978592715770901e+03 9.993508129956834019e-01
5.483998587863853572e+03 1.000138638000520164e+00
5.484018583011936244e+03 9.998544054907828604e-01
5.484038578160018005e+03 1.000400686951955942e+00
5.484058573308101586e+03 1.001951560750163894e+00
5.484078568456183348e+03 1.000178224192664889e+00
5.484098563604266928e+03 1.001421927123501643e+00
5.484118558752346871e+03 9.993212135066220636e-01
5.484138553900429542e+03 1.000176346480301959e+00
