5.489533921468343578e+03 9.998401995941147424e-01
5.489553916604324513e+03 9.998910138442521633e-01
5.489573911740304538e+03 9.997007347333907168e-01
5.489593906876287292e+03 9.991995745509283378e-01
5.489613902012265498e+03 1.001250846173775688e+00
5.489633897148246433e+03 9.998560231668892628e-01
5.489653892284226458e+03 9.991435272784080501e-01
5.489673887420207393e+03 1.000215390543412575e+00
5.489693882556189237e+03 1.000704020662407823e+00
5.489713877692167443e+03 1.000223940594718419e+00
5.489733872828149288e+03 9.999872942970969847e-01
5.489753867964129313e+03 9.993920603995626317e-01
5.489773863100111157e+03 9.992730680816593880e-01
5.489793858236089363e+03 9.981167884965743697e-01
5.489813853372072117e+03 9.977788231251536466e-01
5.489833848508051233e+03 9.983117759104691569e-01
5.489853843644033077e+03 9.987326458998219136e-01
5.489873838780013102e+03 9.967353341434649350e-01
5.489893833915994037e+03 9.971943872596397140e-01
5.489913829051975881e+03 9.965816355727984410e-01
5.489933824187954087e+03 9.955215448074620221e-01
5.489953819323935022e+03 9.951765011385991233e-01
5.489973814459914138e+03 9.956934406865838305e-01
5.489993809595896892e+03 9.948171901938180905e-01
5.490013804731876917e+03 9.927129685757611899e-01
5.490033799867856033e+03 9.935812326008692796e-01
5.490053795003837877e+03 9.945005958609688390e-01
5.490073790139818811e+03 9.949235565802885262e-01
5.490093785275799746e+03 9.946047965085438314e-01
5.490113780411779771e+03 9.934483807021499135e-01
5.490133775547761616e+03 9.926486971562433759e-01
5.490153770683738912e+03 9.922131569697855147e-01
5.490173765819719847e+03 9.929795855576319941e-01
5.490193760955701691e+03 9.933270863869533285e-01
5.490213756091683535e+03 9.938961858491179857e-01
5.490233751227662651e+03 9.954408222601255352e-01
5.490253746363641767e+03 9.948383676418657284e-01
5.490273741499625430e+03 9.952335456614808118e-01
5.490293736635604546e+03 9.953440830478047507e-01
5.490313731771584571e+03 9.950330859127261007e-01
5.490333726907566415e+03 9.941775755832313877e-01
5.490353722043545531e+03 9.937101873120833817e-01
5.490373717179527375e+03 9.962984648627528639e-01
5.490393712315507400e+03 9.961867635939634091e-01
5.490413707451487426e+03 9.971325955471422864e-01
5.490433702587468360e+03 9.967394150903494676e-01
5.490453697723449295e+03 9.968207205537571447e-01
5.490473692859429320e+03 9.977060341814641964e-01
5.490493687995408436e+03 9.985674024735339271e-01
5.490513683131388461e+03 9.991133211775568013e-01
5.490533678267371215e+03 9.993378030242561216e-01
5.490553673403352150e+03 9.986788600808954586e-01
5.490573668539331265e+03 9.990715635779312542e-01
5.490593663675312200e+03 9.990701846080537463e-01
5.490613658811291316e+03 9.979173618598657924e-01
5.490633653947272251e+03 9.995408849698007581e-01
5.490653649083253185e+03 9.987363595117652038e-01
5.490673644219234120e+03 9.968912802193647948e-01
5.490693639355215964e+03 9.974576193975893679e-01
5.490713634491195990e+03 9.990373062219036759e-01
5.490733629627176924e+03 9.998438265280185089e-01
5.490753624763156040e+03 9.985415556107017920e-01
5.490773619899136065e+03 1.000122121918303852e+00
5.490793615035117909e+03 1.001526832388788701e+00
