5.493296331722043760e+03 9.998922277571947737e-01
5.493316326870123703e+03 1.000185449999340115e+00
5.493336322018209103e+03 1.000757675669369018e+00
5.493356317166290864e+03 1.001816363407600718e+00
5.493376312314370807e+03 1.000794026465836373e+00
5.493396307462453478e+03 9.999867899320634690e-01
5.493416302610536150e+03 1.000521581672857652e+00
5.493436297758617911e+03 9.986346369720112692e-01
5.493456292906699673e+03 9.993354347787754000e-01
5.493476288054781435e+03 9.991415337563978039e-01
5.493496283202864106e+03 9.975958932101248733e-01
5.493516278350944958e+03 9.957086753149739788e-01
5.493536273499028539e+03 9.941551107544415178e-01
5.493556268647113029e+03 9.930482093098826901e-01
5.493576263795192062e+03 9.915442922182090557e-01
5.493596258943275643e+03 9.894139202755378726e-01
5.493616254091356495e+03 9.885734462977273651e-01
5.493636249239439167e+03 9.869570615935902014e-01
5.493656244387522747e+03 9.849055921070790642e-01
5.493676239535602690e+03 9.833647861795855594e-01
5.493696234683686271e+03 9.819745227739620219e-01
5.493716229831769851e+03 9.769009926178620074e-01
5.493736224979850704e+03 9.751231279085237347e-01
5.493756220127932465e+03 9.741956070282720148e-01
5.493776215276014227e+03 9.710034960732113474e-01
5.493796210424097808e+03 9.675794212514254866e-01
5.493816205572178660e+03 9.661353399988120705e-01
5.493836200720261331e+03 9.666372031534946618e-01
5.493856195868344912e+03 9.629218144605299345e-01
5.493876191016424855e+03 9.662370852010263578e-01
5.493896186164507526e+03 9.655279854138059115e-01
5.493916181312590197e+03 9.656792531237463617e-01
5.493936176460671049e+03 9.663655445765726437e-01
5.493956171608754630e+03 9.683059378233622727e-01
5.493976166756836392e+03 9.713808694161514268e-01
5.493996161904916335e+03 9.709480985486552695e-01
5.494016157052999915e+03 9.720417514638949319e-01
5.494036152201080768e+03 9.728494269205096856e-01
5.494056147349165258e+03 9.758540579256843595e-01
5.494076142497246110e+03 9.782648219014192792e-01
5.494096137645326962e+03 9.793795550588991761e-01
5.494116132793410543e+03 9.799046872530690067e-01
5.494136127941492305e+03 9.814457359034135520e-01
5.494156123089574976e+03 9.837786268600031692e-01
5.494176118237658557e+03 9.849458088350895313e-01
5.494196113385738499e+03 9.869320023818073384e-01
5.494216108533820261e+03 9.886982877856359542e-01
5.494236103681903842e+03 9.901779370592046492e-01
5.494256098829985604e+03 9.918726761986691454e-01
5.494276093978068275e+03 9.941180602201692418e-01
5.494296089126150036e+03 9.928023379439143703e-01
5.494316084274232708e+03 9.944751816050331206e-01
5.494336079422314469e+03 9.952518774766460075e-01
5.494356074570395322e+03 9.953668892883660302e-01
5.494376069718477083e+03 9.957715125277712964e-01
5.494396064866558845e+03 9.972242490273222071e-01
5.494416060014645154e+03 9.994514564149800107e-01
5.494436055162723278e+03 9.984387715847626854e-01
5.494456050310807768e+03 1.000642210663280629e+00
5.494476045458890439e+03 1.000145121206978960e+00
5.494496040606972201e+03 1.000199356116917571e+00
5.494516035755053963e+03 9.998317492889176039e-01
5.494536030903135725e+03 9.984933812080311055e-01
