5.502510764719710096e+03 9.994300862956911891e-01
5.502530759855688302e+03 1.000540692604005910e+00
5.502550754991669237e+03 1.000171996478904646e+00
5.502570750127651081e+03 9.989035000950768906e-01
5.502590745263631106e+03 9.989803641118601973e-01
5.502610740399612041e+03 9.977962720878544856e-01
5.502630735535591157e+03 9.994245006196197378e-01
5.502650730671570273e+03 1.000027679419419391e+00
5.502670725807553026e+03 9.988187155202961076e-01
5.502690720943533961e+03 9.989514836354768113e-01
5.502710716079513077e+03 9.989003644899946410e-01
5.502730711215494011e+03 9.981993040489446356e-01
5.502750706351475856e+03 9.977077540788780174e-01
5.502770701487454971e+03 9.976884488408829244e-01
5.502790696623434997e+03 9.974842993723693763e-01
5.502810691759414112e+03 9.945617464390842377e-01
5.502830686895396866e+03 9.963461084930149703e-01
5.502850682031376891e+03 9.947699704781354235e-01
5.502870677167358735e+03 9.936444383632432320e-01
5.502890672303336942e+03 9.937807052171475641e-01
5.502910667439318786e+03 9.928304222889974273e-01
5.502930662575297902e+03 9.911823630288715270e-01
5.502950657711278836e+03 9.921198582377138697e-01
5.502970652847259771e+03 9.940258529812192601e-01
5.502990647983239796e+03 9.940949949060369217e-01
5.503010643119220731e+03 9.931170474720938390e-01
5.503030638255204394e+03 9.924212490220144511e-01
5.503050633391181691e+03 9.929584876595176635e-01
5.503070628527162626e+03 9.923828852996920968e-01
5.503090623663144470e+03 9.919333876072669032e-01
5.503110618799123586e+03 9.926612420392860736e-01
5.503130613935103611e+03 9.935210770218011467e-01
5.503150609071083636e+03 9.925744896840327236e-01
5.503170604207063661e+03 9.934090504852890469e-01
5.503190599343048234e+03 9.928347266792685311e-01
5.503210594479025531e+03 9.940560587920752589e-01
5.503230589615008284e+03 9.931925085319192048e-01
5.503250584750990129e+03 9.933465833588921434e-01
5.503270579886967425e+03 9.948992839385656373e-01
5.503290575022949270e+03 9.953186272003817781e-01
5.503310570158928385e+03 9.950151799216755411e-01
5.503330565294910230e+03 9.960263559928606014e-01
5.503350560430889345e+03 9.952455706581490036e-01
5.503370555566871190e+03 9.964256835293564540e-01
5.503390550702850305e+03 9.960906343269386731e-01
5.503410545838833968e+03 9.967874712295963224e-01
5.503430540974812175e+03 9.963855130521691583e-01
5.503450536110794928e+03 9.964141722244264088e-01
5.503470531246773135e+03 9.981375128561734700e-01
5.503490526382754069e+03 9.997572617140704221e-01
5.503510521518735004e+03 9.994720680583848438e-01
5.503530516654715939e+03 9.983015323521653439e-01
5.503550511790695055e+03 9.986430768216316700e-01
5.503570506926676899e+03 9.988079881255655934e-01
5.503590502062657833e+03 9.996224481714029997e-01
5.503610497198637859e+03 9.991797232534203044e-01
5.503630492334618793e+03 9.988403679779480626e-01
5.503650487470597909e+03 1.000909008469672568e+00
