5.505330078892962774e+03 9.989622759178001798e-01
5.505350074028944618e+03 9.995826330284965922e-01
5.505370069164923734e+03 9.991411949983863838e-01
5.505390064300905578e+03 9.998165415094288910e-01
5.505410059436885604e+03 9.987450001569352365e-01
5.505430054572866538e+03 9.979836963140000794e-01
5.505450049708845654e+03 9.980507227446256957e-01
5.505470044844826589e+03 9.997841635332652688e-01
5.505490039980807524e+03 9.981792042850552438e-01
5.505510035116787549e+03 9.986080011661337963e-01
5.505530030252767574e+03 9.995484530510383436e-01
5.505550025388748509e+03 9.982313510323566064e-01
5.505570020524729443e+03 9.992478964757640636e-01
5.505590015660710378e+03 9.981536874048881902e-01
5.505610010796689494e+03 9.976697315338511896e-01
5.505630005932672248e+03 9.965856607731460315e-01
5.505650001068651363e+03 9.960496979275099694e-01
5.505669996204633208e+03 9.945702549783059787e-01
5.505689991340612323e+03 9.947130270916113570e-01
5.505709986476591439e+03 9.924615431864161064e-01
5.505729981612573283e+03 9.922076633111479582e-01
5.505749976748553308e+03 9.936471194834690657e-01
5.505769971884534243e+03 9.928801070706453347e-01
5.505789967020515178e+03 9.929451596334911700e-01
5.505809962156495203e+03 9.930675054718991479e-01
5.505829957292477957e+03 9.934795138742831266e-01
5.505849952428458892e+03 9.911277401104471307e-01
5.505869947564436188e+03 9.905502346392037749e-01
5.505889942700418942e+03 9.913758027764918435e-01
5.505909937836397148e+03 9.905239006591018969e-01
5.505929932972378083e+03 9.889678912524831889e-01
5.505949928108359927e+03 9.887233584095250771e-01
5.505969923244339952e+03 9.889299367191413115e-01
5.505989918380320887e+03 9.886811829138179020e-01
5.506009913516300912e+03 9.911294966650490146e-01
5.506029908652280938e+03 9.923740728635898067e-01
5.506049903788261872e+03 9.912367619017540266e-01
5.506069898924240988e+03 9.927750556269429039e-01
5.506089894060222832e+03 9.913071932173891376e-01
5.506109889196203767e+03 9.905874539301862125e-01
5.506129884332184702e+03 9.927247969623703705e-01
5.506149879468163817e+03 9.946927838919836784e-01
5.506169874604144752e+03 9.941846525645356980e-01
5.506189869740125687e+03 9.936316483466037797e-01
5.506209864876104803e+03 9.951625700925947893e-01
5.506229860012087556e+03 9.947927073110333085e-01
5.506249855148065762e+03 9.973722155034266956e-01
5.506269850284047607e+03 9.948121722356327856e-01
5.506289845420028541e+03 9.959397098773886681e-01
5.506309840556009476e+03 9.981222429533059826e-01
5.506329835691990411e+03 9.986197857740494177e-01
5.506349830827969527e+03 9.980402209621521692e-01
5.506369825963949552e+03 9.985604640073748595e-01
5.506389821099928668e+03 9.985945693988751426e-01
5.506409816235912331e+03 9.981410094426538260e-01
5.506429811371891446e+03 9.983673716883371130e-01
5.506449806507874200e+03 9.975677421608637463e-01
5.506469801643855135e+03 9.969439943734156317e-01
5.506489796779832432e+03 9.981084817707943646e-01
5.506509791915815185e+03 9.986336163118501030e-01
5.506529787051795211e+03 9.987968644580309530e-01
5.506549782187773417e+03 9.990953326799142387e-01
5.506569777323756171e+03 9.991975417080910526e-01
5.506589772459736196e+03 1.000039085729392374e+00
