5.511891819438420498e+03 9.993972039156758802e-01
5.511911814586504079e+03 9.998081130787015436e-01
5.511931809734585840e+03 1.000313053018214049e+00
5.511951804882667602e+03 1.000909258220117115e+00
5.511971800030751183e+03 1.000498041394123128e+00
5.511991795178831126e+03 1.000432234355657535e+00
5.512011790326915616e+03 1.002116662818793635e+00
5.512031785474996468e+03 1.000790520523764160e+00
5.512051780623080049e+03 1.001385413276461023e+00
5.512071775771160901e+03 1.001164400200129645e+00
5.512091770919242663e+03 9.998338600663313480e-01
5.512111766067324425e+03 9.989714676483615330e-01
5.512131761215408005e+03 9.986789344198021556e-01
5.512151756363489767e+03 9.992995389271527307e-01
5.512171751511571529e+03 9.987154075303058542e-01
5.512191746659651471e+03 9.961379599966827536e-01
5.512211741807734143e+03 9.964280549532248399e-01
5.512231736955815904e+03 9.948449924169489034e-01
5.512251732103898576e+03 9.920104966552431014e-01
5.512271727251983066e+03 9.894993620079700625e-01
5.512291722400063009e+03 9.877145898939727608e-01
5.512311717548143861e+03 9.860640700916182277e-01
5.512331712696226532e+03 9.836616019831231350e-01
5.512351707844309203e+03 9.809249034457329097e-01
5.512371702992392784e+03 9.788050894141447911e-01
5.512391698140475455e+03 9.783980753497739657e-01
5.512411693288555398e+03 9.775179691177737773e-01
5.512431688436639888e+03 9.762360096523953201e-01
5.512451683584721650e+03 9.767305871204237100e-01
5.512471678732804321e+03 9.788849730287787487e-01
5.512491673880885173e+03 9.785700456813611892e-01
5.512511669028966026e+03 9.809725916714354677e-01
5.512531664177049606e+03 9.819284942911481462e-01
5.512551659325132277e+03 9.824524974460668858e-01
5.512571654473214039e+03 9.820862271651266129e-01
5.512591649621295801e+03 9.815617353857193361e-01
5.512611644769378472e+03 9.812737612156018363e-01
5.512631639917461143e+03 9.813812360733578100e-01
5.512651635065542905e+03 9.820894247535852939e-01
5.512671630213622848e+03 9.833142390216706996e-01
5.512691625361705519e+03 9.845722171612854012e-01
5.512711620509788190e+03 9.858046898245453882e-01
5.512731615657872680e+03 9.886967418552640163e-01
5.512751610805953533e+03 9.885731507479663671e-01
5.512771605954035294e+03 9.911292716890192089e-01
5.512791601102117966e+03 9.890603215255920899e-01
5.512811596250199727e+03 9.913557923198902389e-01
5.512831591398281489e+03 9.958856017940330707e-01
5.512851586546363251e+03 9.959854314371365813e-01
5.512871581694445013e+03 9.994582595869980768e-01
5.512891576842528593e+03 9.974215426328555401e-01
5.512911571990608536e+03 9.994991757632984974e-01
5.512931567138690298e+03 1.000327814956880612e+00
5.512951562286773878e+03 1.000947486315303392e+00
5.512971557434855640e+03 1.001532344832232857e+00
5.512991552582938311e+03 1.001541123843287417e+00
5.513011547731019164e+03 1.001170953513125683e+00
5.513031542879100925e+03 1.000278232977495962e+00
5.513051538027186325e+03 1.001455544274249432e+00
5.513071533175266268e+03 9.993560020269020017e-01
5.513091528323350758e+03 9.988987143461117713e-01
5.513111523471429791e+03 1.000052692970322177e+00
5.513131518619513372e+03 1.001051881742426986e+00
5.513151513767596043e+03 1.002120474913895443e+00
