5.515127695523422517e+03 9.994456901877535326e-01
5.515147690659402542e+03 1.000129590229196230e+00
5.515167685795382567e+03 9.992710041133082699e-01
5.515187680931362593e+03 9.998346291853106305e-01
5.515207676067345346e+03 9.996140041834328249e-01
5.515227671203326281e+03 9.988248814433724476e-01
5.515247666339308125e+03 1.000393492334909151e+00
5.515267661475286332e+03 9.995534642398821168e-01
5.515287656611266357e+03 9.984767174767568143e-01
5.515307651747247291e+03 9.980694975384131196e-01
5.515327646883227317e+03 9.977666622485489301e-01
5.515347642019207342e+03 9.979994858428266058e-01
5.515367637155188277e+03 9.987818974278848128e-01
5.515387632291168302e+03 9.990728544723306292e-01
5.515407627427151056e+03 9.979271615515631355e-01
5.515427622563131990e+03 9.974747898136039348e-01
5.515447617699111106e+03 9.990960601939953278e-01
5.515467612835091131e+03 9.999139041323321653e-01
5.515487607971072066e+03 9.979880439459519748e-01
5.515507603107052091e+03 9.960903554417394057e-01
5.515527598243033935e+03 9.962735934854655140e-01
5.515547593379012142e+03 9.984494883732355497e-01
5.515567588514993986e+03 9.963450382080898393e-01
5.515587583650974921e+03 9.939923551309167715e-01
5.515607578786956765e+03 9.964256563573484771e-01
5.515627573922934971e+03 9.956183188414262641e-01
5.515647569058914087e+03 9.962349888713035728e-01
5.515667564194895931e+03 9.955292074022196180e-01
5.515687559330876866e+03 9.960789978690405277e-01
5.515707554466855981e+03 9.954708876212234880e-01
5.515727549602837826e+03 9.934281558112897370e-01
5.515747544738817851e+03 9.924447887629930243e-01
5.515767539874800605e+03 9.931981058834169485e-01
5.515787535010778811e+03 9.934429243141611465e-01
5.515807530146762474e+03 9.936184005349563142e-01
5.515827525282739771e+03 9.939465773610273169e-01
5.515847520418721615e+03 9.948877628250675231e-01
5.515867515554703459e+03 9.962060558753230710e-01
5.515887510690681665e+03 9.944705990362057157e-01
5.515907505826663510e+03 9.958092539210463556e-01
5.515927500962643535e+03 9.965109881504135014e-01
5.515947496098623560e+03 9.972347657060987025e-01
5.515967491234605404e+03 9.978059257974924989e-01
5.515987486370584520e+03 9.985657625769736034e-01
5.516007481506566364e+03 9.973692443481390058e-01
5.516027476642545480e+03 9.974790510599514937e-01
5.516047471778527324e+03 9.987024165510337559e-01
5.516067466914509168e+03 1.000303388143008787e+00
5.516087462050488284e+03 9.981248661603039363e-01
5.516107457186469219e+03 1.000413840909650576e+00
5.516127452322450154e+03 9.977592944487693183e-01
5.516147447458430179e+03 9.987974690714731540e-01
5.516167442594408385e+03 9.997312812914920244e-01
5.516187437730389320e+03 1.000345335732462093e+00
5.516207432866371164e+03 9.990371347793731704e-01
5.516227428002354827e+03 9.986214902532442039e-01
5.516247423138331214e+03 9.993936003779290145e-01
5.516267418274313968e+03 9.988207817484812123e-01
5.516287413410293084e+03 9.994804217118506973e-01
5.516307408546274019e+03 1.000335154427826945e+00
5.516327403682252225e+03 9.997962106544033833e-01
5.516347398818234979e+03 1.000088827957839710e+00
