5.520903512690409116e+03 9.989794680698068641e-01
5.520923507086887184e+03 9.989267776182625402e-01
5.520943501483367982e+03 1.000985886999412156e+00
5.520963495879842412e+03 1.000231248858034938e+00
5.520983490276322300e+03 1.000417808949120912e+00
5.521003484672802188e+03 1.000622907175062304e+00
5.521023479069281166e+03 1.000216552366100631e+00
5.521043473465758325e+03 9.997539847124922163e-01
5.521063467862236394e+03 9.996705950429850551e-01
5.521083462258718100e+03 1.000415226428087223e+00
5.521103456655196169e+03 9.991552754474698483e-01
5.521123451051675147e+03 9.989305691673335819e-01
5.521143445448153216e+03 9.999051645801346755e-01
5.521163439844633103e+03 9.987949228523033129e-01
5.521183434241111172e+03 9.969247200033901635e-01
5.521203428637588331e+03 9.964851766418163503e-01
5.521223423034069128e+03 9.987002956553260313e-01
5.521243417430549016e+03 9.991546076509499885e-01
5.521263411827024356e+03 9.974098679091015773e-01
5.521283406223505153e+03 9.965153790446670268e-01
5.521303400619983222e+03 9.964610542215488476e-01
5.521323395016461291e+03 9.957643202345975997e-01
5.521343389412939359e+03 9.954862190792996834e-01
5.521363383809421066e+03 9.954496845121457715e-01
5.521383378205900044e+03 9.957618366723504089e-01
5.521403372602378113e+03 9.958906419843277513e-01
5.521423366998855272e+03 9.971458977501427290e-01
5.521443361395335160e+03 9.967766085766345263e-01
5.521463355791815047e+03 9.943820786522077348e-01
5.521483350188291297e+03 9.964730587715044940e-01
5.521503344584771185e+03 9.975779567381571900e-01
5.521523338981251982e+03 9.969893501648545708e-01
5.521543333377729141e+03 9.971996535136888884e-01
5.521563327774209029e+03 9.978993550354591235e-01
5.521583322170686188e+03 9.979197280823676186e-01
5.521603316567166075e+03 9.960508659129205800e-01
5.521623310963643235e+03 9.978257219236029707e-01
5.521643305360121303e+03 9.998745540102074170e-01
5.521663299756602100e+03 9.981200708338453520e-01
5.521683294153080169e+03 9.979360313752799749e-01
5.521703288549560057e+03 9.994652338647918022e-01
5.521723282946039035e+03 9.990605611542752174e-01
5.521743277342517104e+03 9.993006432738483769e-01
5.521763271738994263e+03 1.000078280637583861e+00
5.521783266135475969e+03 9.981014427434762304e-01
5.521803260531954038e+03 9.996465388425848086e-01
5.521823254928433016e+03 1.000597785586677446e+00
5.521843249324911085e+03 1.000166246858539054e+00
5.521863243721390063e+03 1.000362149907610743e+00
5.521883238117867222e+03 1.000778591187951649e+00
5.521903232514348019e+03 9.998930410681134973e-01
5.521923226910824269e+03 9.999670368831662381e-01
5.521943221307305976e+03 1.000645501657881020e+00
5.521963215703784044e+03 1.001200977731462549e+00
