5.526521938100950138e+03 1.001038223241560665e+00
5.526541932497430025e+03 9.983543916242396676e-01
5.526561926893909003e+03 9.999079173704263912e-01
5.526581921290386163e+03 1.000501357486661247e+00
5.526601915686865141e+03 1.000125986746352336e+00
5.526621910083345028e+03 1.000873157473850084e+00
5.526641904479822188e+03 1.000812716087534193e+00
5.526661898876304804e+03 1.001363571154479937e+00
5.526681893272781053e+03 1.001965668830828271e+00
5.526701887669261851e+03 9.988614727458446918e-01
5.526721882065739919e+03 9.984386088164379780e-01
5.526741876462217988e+03 9.999299792599521952e-01
5.526761870858696057e+03 1.001658723543012774e+00
5.526781865255175035e+03 9.990135854128681103e-01
5.526801859651654013e+03 9.993132954605622453e-01
5.526821854048132082e+03 9.998346680690828325e-01
5.526841848444611060e+03 1.000612760635253951e+00
5.526861842841090038e+03 1.000574479993371568e+00
5.526881837237569925e+03 9.996081489360616468e-01
5.526901831634047994e+03 1.000194556219204056e+00
5.526921826030526972e+03 9.989965351369709534e-01
5.526941820427004131e+03 9.976130733147140495e-01
5.526961814823484929e+03 1.000947083154487105e+00
5.526981809219962088e+03 1.000129795344674832e+00
5.527001803616443794e+03 9.971105387288377031e-01
5.527021798012921863e+03 9.969858010654997216e-01
5.527041792409401751e+03 9.984168687980906620e-01
5.527061786805878000e+03 9.974940247565459162e-01
5.527081781202356069e+03 9.956460264959711148e-01
5.527101775598834138e+03 9.933484542850158361e-01
5.527121769995314025e+03 9.924186203578243548e-01
5.527141764391793913e+03 9.930360828885723690e-01
5.527161758788271982e+03 9.919589640381796247e-01
5.527181753184751869e+03 9.936109268802395533e-01
5.527201747581230848e+03 9.922643564340256628e-01
5.527221741977709826e+03 9.919038295738865640e-01
5.527241736374186985e+03 9.925137478572271243e-01
5.527261730770666873e+03 9.937253613196767033e-01
5.527281725167146760e+03 9.948094134933654908e-01
5.527301719563623010e+03 9.937470120119432648e-01
5.527321713960101988e+03 9.944466276431939145e-01
5.527341708356581876e+03 9.950186432183454333e-01
5.527361702753059035e+03 9.961983510645952000e-01
5.527381697149538013e+03 9.942844511620971826e-01
5.527401691546018810e+03 9.965298533268330816e-01
5.527421685942495060e+03 9.978395684814923561e-01
5.527441680338973129e+03 9.975428305182392208e-01
5.527461674735455745e+03 9.965021693854827500e-01
5.527481669131931994e+03 9.973737974773088100e-01
5.527501663528412791e+03 9.964766917997157636e-01
5.527521657924890860e+03 9.974811548046419452e-01
5.527541652321370748e+03 9.990318005228536746e-01
5.527561646717848816e+03 1.000033755582027117e+00
5.527581641114326885e+03 9.987254691691778152e-01
5.527601635510805863e+03 9.977464019218210689e-01
5.527621629907286660e+03 9.986463139075215656e-01
5.527641624303762001e+03 9.999299181627927524e-01
5.527661618700242798e+03 1.000133700844050733e+00
5.527681613096720866e+03 1.000675343358234048e+00
5.527701607493200754e+03 1.000805422746269047e+00
5.527721601889678823e+03 1.000921041971596148e+00
5.527741596286156891e+03 1.000837985127121632e+00
5.527761590682637689e+03 1.000082108790030233e+00
5.527781585079114848e+03 1.000031903742325090e+00
5.527801579475593826e+03 9.995777014046628439e-01
5.527821573872074623e+03 1.002223995891196040e+00
5.527841568268551782e+03 1.001411916048392969e+00
5.527861562665030760e+03 1.000434195256697523e+00
5.527881557061508829e+03 1.000063008957245092e+00
5.527901551457987807e+03 9.995261576133416259e-01
5.527921545854467695e+03 1.000704833018560391e+00
5.527941540250944854e+03 9.998316198791770137e-01
5.527961534647424742e+03 9.995476766313489136e-01
5.527981529043902810e+03 1.000056000628143371e+00
