5.541012274138060093e+03 9.986677469022737785e-01
5.541032269264399474e+03 1.000345885394163359e+00
5.541052264390739765e+03 1.001676704228955828e+00
5.541072259517078237e+03 9.994813444205815633e-01
5.541092254643418528e+03 9.986301407891987614e-01
5.541112249769757000e+03 9.980313952487489537e-01
5.541132244896096381e+03 9.977919974513408397e-01
5.541152240022435763e+03 9.980264356764716460e-01
5.541172235148775144e+03 9.985838257522720030e-01
5.541192230275114525e+03 9.971849556140912618e-01
5.541212225401453907e+03 9.989740294905901097e-01
5.541232220527793288e+03 9.988506694574125211e-01
5.541252215654133579e+03 9.983750859168619707e-01
5.541272210780472051e+03 9.977197551465306624e-01
5.541292205906811432e+03 9.960873676474862881e-01
5.541312201033148995e+03 9.949256030834846554e-01
5.541332196159489285e+03 9.946196077962239368e-01
5.541352191285829576e+03 9.959568104405545075e-01
5.541372186412168048e+03 9.940283016367594815e-01
5.541392181538508339e+03 9.910126746475724779e-01
5.541412176664845902e+03 9.904599602328445496e-01
5.541432171791185283e+03 9.896029582671718172e-01
5.541452166917523755e+03 9.894952383582326094e-01
5.541472162043862227e+03 9.868675982838809313e-01
5.541492157170203427e+03 9.862753747954153827e-01
5.541512152296541899e+03 9.859511216067271544e-01
5.541532147422881280e+03 9.842657950501126907e-01
5.541552142549220662e+03 9.827311912232975510e-01
5.541572137675559134e+03 9.845854380655632010e-01
5.541592132801900334e+03 9.843572080415818881e-01
5.541612127928238806e+03 9.833405969265848201e-01
5.541632123054578187e+03 9.827600236781173226e-01
5.541652118180917569e+03 9.832316210802298784e-01
5.541672113307256950e+03 9.847451008881367152e-01
5.541692108433595422e+03 9.868026581989551849e-01
5.541712103559933894e+03 9.885452116040815973e-01
5.541732098686274185e+03 9.870708259459701761e-01
5.541752093812611747e+03 9.868002921414869011e-01
5.541772088938952038e+03 9.878684447975443206e-01
5.541792084065294148e+03 9.884600941421578524e-01
5.541812079191630801e+03 9.895966914757822197e-01
5.541832074317969273e+03 9.896773808683150264e-01
5.541852069444307745e+03 9.933170775017374776e-01
5.541872064570649854e+03 9.950382118302906198e-01
5.541892059696988326e+03 9.951931444147028571e-01
5.541912054823325889e+03 9.950597523470536832e-01
5.541932049949666180e+03 9.948023289493538313e-01
5.541952045076004651e+03 9.947628430622069695e-01
5.541972040202345852e+03 9.952885790231454921e-01
5.541992035328682505e+03 9.979349603651425094e-01
5.542012030455023705e+03 9.983458469876214103e-01
5.542032025581363087e+03 9.968283396641814953e-01
5.542052020707702468e+03 9.992856132890461929e-01
5.542072015834041849e+03 9.988547344104372616e-01
5.542092010960379412e+03 9.997999638098221675e-01
5.542112006086718793e+03 9.993309052689719474e-01
5.542132001213059084e+03 9.984290603985479517e-01
5.542151996339398465e+03 9.986366644838220452e-01
5.542171991465737847e+03 1.000699108555836991e+00
5.542191986592074500e+03 9.991611457997879864e-01
5.542211981718415700e+03 9.992116361843146333e-01
5.542231976844755081e+03 1.000242849736947326e+00
5.542251971971093553e+03 1.000235270791355546e+00
