5.544231489478678668e+03 9.998547730516901266e-01
5.544251484605016230e+03 1.000434767491096943e+00
5.544271479731358340e+03 1.001837849825045090e+00
5.544291474857697722e+03 1.000942475926638320e+00
5.544311469984036194e+03 9.996778592192451240e-01
5.544331465110375575e+03 1.001569096951991256e+00
5.544351460236712228e+03 1.002182477288183104e+00
5.544371455363053428e+03 1.000882997221312465e+00
5.544391450489391900e+03 9.987159565651902993e-01
5.544411445615732191e+03 9.979122642610550598e-01
5.544431440742071572e+03 9.979642271199266057e-01
5.544451435868409135e+03 9.947948575089756718e-01
5.544471430994749426e+03 9.937425626973852566e-01
5.544491426121088807e+03 9.918031914715891295e-01
5.544511421247427279e+03 9.879199436110772670e-01
5.544531416373767570e+03 9.827796060390876498e-01
5.544551411500106042e+03 9.794541997353212182e-01
5.544571406626445423e+03 9.729439387781313453e-01
5.544591401752786624e+03 9.714823970336595726e-01
5.544611396879125095e+03 9.699983536020867492e-01
5.544631392005465386e+03 9.698058495148689229e-01
5.544651387131802949e+03 9.702366993010674845e-01
5.544671382258142330e+03 9.692530496559524922e-01
5.544691377384480802e+03 9.690790086668561454e-01
5.544711372510820183e+03 9.728859328033384601e-01
5.544731367637158655e+03 9.779712785479349746e-01
5.544751362763498037e+03 9.799817592848779624e-01
5.544771357889839237e+03 9.814020282801214634e-01
5.544791353016178618e+03 9.836525152007810080e-01
5.544811348142518000e+03 9.858269684347616968e-01
5.544831343268856472e+03 9.880990779375712352e-01
5.544851338395194944e+03 9.912724045770053838e-01
5.544871333521532506e+03 9.916068968047814236e-01
5.544891328647874616e+03 9.931620600574310176e-01
5.544911323774213997e+03 9.947452032409744849e-01
5.544931318900551560e+03 9.956477503735303713e-01
5.544951314026891851e+03 9.977737848985026581e-01
5.544971309153231232e+03 9.984961793025951549e-01
5.544991304279569704e+03 9.975746741123809880e-01
5.545011299405908176e+03 9.986298117987536527e-01
5.545031294532248467e+03 9.988606729452188526e-01
5.545051289658586938e+03 9.987052383512980969e-01
5.545071284784927229e+03 9.992373664905352948e-01
