5.545651143448764742e+03 9.999683309190605662e-01
5.545671138575104123e+03 9.997314816842298724e-01
5.545691133701441686e+03 1.000257910297264852e+00
5.545711128827782886e+03 1.000644825660063741e+00
5.545731123954122268e+03 9.993675388762580658e-01
5.545751119080461649e+03 9.986137572343475322e-01
5.545771114206799211e+03 1.001217502607461229e+00
5.545791109333139502e+03 1.000921814970007206e+00
5.545811104459477974e+03 1.000254669168521238e+00
5.545831099585818265e+03 9.985330393485615241e-01
5.545851094712157646e+03 9.982275228855865823e-01
5.545871089838496118e+03 9.983530468154229176e-01
5.545891084964835500e+03 9.980707862664082164e-01
5.545911080091174881e+03 9.975122440078947328e-01
5.545931075217513353e+03 9.992606826757824967e-01
5.545951070343852734e+03 9.983908920800431686e-01
5.545971065470192116e+03 9.991118376420210501e-01
5.545991060596532407e+03 9.976439298177063320e-01
5.546011055722870879e+03 9.962407080966091399e-01
5.546031050849210260e+03 9.955138147555406825e-01
5.546051045975548732e+03 9.946744466965233844e-01
5.546071041101888113e+03 9.933617093492839167e-01
5.546091036228227495e+03 9.933424085922364366e-01
5.546111031354566876e+03 9.916366125146758304e-01
5.546131026480907167e+03 9.901795889703461917e-01
5.546151021607244729e+03 9.882510020247036175e-01
5.546171016733585930e+03 9.858009933440647909e-01
5.546191011859924402e+03 9.837572241762331249e-01
5.546211006986262873e+03 9.842729492695044824e-01
5.546231002112603164e+03 9.839481042041180459e-01
5.546250997238941636e+03 9.840804583840079278e-01
5.546270992365281927e+03 9.858634722231385261e-01
5.546290987491621308e+03 9.863095995368610369e-01
5.546310982617957961e+03 9.864083738713345095e-01
5.546330977744299162e+03 9.874751911771592061e-01
5.546350972870638543e+03 9.852272133475814542e-01
5.546370967996977924e+03 9.846761253924347645e-01
5.546390963123315487e+03 9.851704413834990737e-01
5.546410958249653959e+03 9.851191910624871317e-01
5.546430953375995159e+03 9.854731880223841500e-01
5.546450948502333631e+03 9.871821498006456697e-01
5.546470943628673922e+03 9.903785589184799232e-01
5.546490938755011484e+03 9.929897164243113306e-01
5.546510933881351775e+03 9.913750009559877396e-01
5.546530929007691157e+03 9.930068098614482919e-01
5.546550924134029628e+03 9.941252668907321066e-01
5.546570919260369010e+03 9.966560723219265450e-01
5.546590914386708391e+03 9.973504187416294409e-01
5.546610909513046863e+03 9.952746426045139261e-01
5.546630904639388064e+03 9.969273333805538373e-01
5.546650899765726535e+03 9.964009114170366832e-01
5.546670894892065917e+03 9.972010640053448061e-01
5.546690890018406208e+03 9.975941090430983094e-01
5.546710885144744680e+03 9.974706836195921245e-01
5.546730880271084970e+03 9.986892203608672691e-01
5.546750875397423442e+03 1.000663256641505683e+00
5.546770870523763733e+03 9.993862207189140312e-01
5.546790865650101296e+03 9.987872011979952447e-01
5.546810860776440677e+03 1.000071556911595660e+00
5.546830855902780968e+03 9.989051258533718780e-01
5.546850851029116711e+03 1.000164437908950266e+00
5.546870846155458821e+03 1.001406375826627837e+00
5.546890841281797293e+03 1.001275816513667927e+00
5.546910836408135765e+03 1.000804149782325236e+00
5.546930831534476965e+03 1.000129764721163550e+00
5.546950826660816347e+03 1.001170943666937596e+00
