5.561902754734765949e+03 1.000936104970099549e+00
5.561922749232094247e+03 1.000448501687253300e+00
5.561942743729424365e+03 9.995631556268965712e-01
5.561962738226755391e+03 9.998325040882443115e-01
5.561982732724085508e+03 1.000236312641496816e+00
5.562002727221414716e+03 9.999119671665753772e-01
5.562022721718743924e+03 9.999947003013853752e-01
5.562042716216073131e+03 1.000382331012604098e+00
5.562062710713403249e+03 9.989588280131955766e-01
5.562082705210733366e+03 9.997698684840782279e-01
5.562102699708062573e+03 9.994959050840954706e-01
5.562122694205392690e+03 1.001643352962823919e+00
5.562142688702721898e+03 9.998236115045141537e-01
5.562162683200052925e+03 1.001075775828148329e+00
5.562182677697384861e+03 1.000965303015252994e+00
5.562202672194712250e+03 1.000348211902505779e+00
5.562222666692041457e+03 1.000872937408655794e+00
5.562242661189372484e+03 1.000128565365051569e+00
5.562262655686701692e+03 9.992837626918700256e-01
5.562282650184031809e+03 9.991004563485677004e-01
5.562302644681361016e+03 9.989370803148591715e-01
5.562322639178691134e+03 9.984127920827451375e-01
5.562342633676021251e+03 9.981547512197205263e-01
5.562362628173349549e+03 9.985803634009277063e-01
5.562382622670681485e+03 9.986707501436519197e-01
5.562402617168008874e+03 9.985032043711983274e-01
5.562422611665340810e+03 9.981473593120531174e-01
5.562442606162670018e+03 9.978946956304186600e-01
5.562462600659998316e+03 9.953201810292939822e-01
5.562482595157330252e+03 9.968743117181263491e-01
5.562502589654657640e+03 9.974663776850277719e-01
5.562522584151990486e+03 9.963299672408252317e-01
5.562542578649318784e+03 9.975268169140563135e-01
5.562562573146649811e+03 9.973594239907588310e-01
5.562582567643978109e+03 9.966237462014406745e-01
5.562602562141308226e+03 9.966318614750582228e-01
5.562622556638638343e+03 9.961726555997358901e-01
5.562642551135967551e+03 9.959527838605132244e-01
5.562662545633298578e+03 9.958000076256170452e-01
5.562682540130628695e+03 9.961301502066434166e-01
5.562702534627959722e+03 9.976827911718694208e-01
5.562722529125287110e+03 9.965042463232129943e-01
5.562742523622616318e+03 9.953697686857404525e-01
5.562762518119947345e+03 9.950005784026079159e-01
5.562782512617276552e+03 9.940495926845794861e-01
5.562802507114609398e+03 9.952220871130198487e-01
5.562822501611934968e+03 9.941780641623382264e-01
5.562842496109265085e+03 9.936835771690576413e-01
5.562862490606595202e+03 9.949637507378915613e-01
5.562882485103928047e+03 9.950421142862262425e-01
5.562902479601256346e+03 9.946370336091697739e-01
5.562922474098584644e+03 9.955453992501108740e-01
5.562942468595915670e+03 9.959415935224811278e-01
5.562962463093246697e+03 9.959658596049737467e-01
5.562982457590577724e+03 9.982705007623051685e-01
5.563002452087906022e+03 9.966082337349472242e-01
5.563022446585234320e+03 9.968882735558466379e-01
5.563042441082565347e+03 9.949282940344066350e-01
5.563062435579894554e+03 9.966322644378520224e-01
5.563082430077223762e+03 9.964997617060993296e-01
5.563102424574553879e+03 9.968468421693172932e-01
5.563122419071884906e+03 9.982542632412648720e-01
5.563142413569213204e+03 9.986059078988824833e-01
5.563162408066545140e+03 9.987230550572854249e-01
5.563182402563875257e+03 9.984182807294832429e-01
5.563202397061202646e+03 9.984384101555299207e-01
5.563222391558532763e+03 9.989980948430988716e-01
5.563242386055861971e+03 9.986124535154058401e-01
5.563262380553192997e+03 9.975975084596987452e-01
5.563282375050524024e+03 9.985933027789863914e-01
5.563302369547852322e+03 9.987586253503768496e-01
5.563322364045183349e+03 9.990671463411538999e-01
5.563342358542510738e+03 9.990087993646608044e-01
5.563362353039842674e+03 9.993029529229435770e-01
5.563382347537172791e+03 9.974355314622638247e-01
5.563402342034501999e+03 9.988801768609906206e-01
5.563422336531830297e+03 9.991507482193477951e-01
5.563442331029159504e+03 9.991640523762971293e-01
5.563462325526491441e+03 9.990303997588726448e-01
5.563482320023821558e+03 1.000579753751607681e+00
5.563502314521151675e+03 1.000198263814480848e+00
5.563522309018480883e+03 9.988963466308021788e-01
5.563542303515810090e+03 9.991491873983376903e-01
5.563562298013139298e+03 9.998301735185534111e-01
5.563582292510470324e+03 9.999178241624159247e-01
5.563602287007800442e+03 1.000337677028332095e+00
5.563622281505127830e+03 1.000186324391938664e+00
5.563642276002460676e+03 1.000325489263997225e+00
5.563662270499789884e+03 1.000675040845651509e+00
