5.567465826284872492e+03 1.000483073238865872e+00
5.567485821411214602e+03 1.000855689534034143e+00
5.567505816537552164e+03 9.995350843063791624e-01
5.567525811663892455e+03 9.990143420496192528e-01
5.567545806790230927e+03 9.995005839619696131e-01
5.567565801916569399e+03 1.000491093569652934e+00
5.567585797042907870e+03 1.001903440892320862e+00
5.567605792169249071e+03 9.994128342477237581e-01
5.567625787295587543e+03 1.000213600383785817e+00
5.567645782421926924e+03 1.000309745604558875e+00
5.567665777548264487e+03 9.993632344371969900e-01
5.567685772674605687e+03 1.000576870257314122e+00
5.567705767800945068e+03 1.000023746078306353e+00
5.567725762927283540e+03 1.000587927713636693e+00
5.567745758053622922e+03 1.000182552568976257e+00
5.567765753179962303e+03 9.998914426203011629e-01
5.567785748306300775e+03 9.996126836876340072e-01
5.567805743432640156e+03 1.001326457677696791e+00
5.567825738558979538e+03 1.001225086132498499e+00
5.567845733685318010e+03 9.987853757804368016e-01
5.567865728811659210e+03 9.997480599843208138e-01
5.567885723937997682e+03 1.001600974287748969e+00
5.567905719064337973e+03 9.994848500125819157e-01
5.567925714190676445e+03 9.977884583523287665e-01
5.567945709317015826e+03 9.990369352432507677e-01
5.567965704443354298e+03 1.000330236655960103e+00
5.567985699569693679e+03 9.983872093523371571e-01
5.568005694696034880e+03 9.984044959619374771e-01
5.568025689822372442e+03 9.996719957697277614e-01
5.568045684948712733e+03 9.991874946836051263e-01
5.568065680075052114e+03 9.979423109952496596e-01
5.568085675201389677e+03 9.981869337696809286e-01
5.568105670327729968e+03 9.990734015485893682e-01
5.568125665454068439e+03 9.979971909079090597e-01
5.568145660580407821e+03 9.995798421498883757e-01
5.568165655706746293e+03 9.989089936142687698e-01
5.568185650833085674e+03 9.988171406965994370e-01
5.568205645959426874e+03 9.990192217141746767e-01
5.568225641085764437e+03 9.996578570760166205e-01
5.568245636212103818e+03 9.975300615301145868e-01
5.568265631338443200e+03 9.986358975768911961e-01
5.568285626464782581e+03 9.975190780162846993e-01
5.568305621591121053e+03 9.982616361008745942e-01
5.568325616717463163e+03 9.988924930573809258e-01
5.568345611843800725e+03 9.978618526907485631e-01
5.568365606970139197e+03 9.964917250640820123e-01
5.568385602096480397e+03 9.969913969980255253e-01
5.568405597222817050e+03 9.977506015700046138e-01
5.568425592349157341e+03 9.973741516809371266e-01
5.568445587475495813e+03 9.966642523632757156e-01
5.568465582601837013e+03 9.964252094767452883e-01
5.568485577728175485e+03 9.967074278166304646e-01
5.568505572854514867e+03 9.962608144100171259e-01
5.568525567980853339e+03 9.968762982456542687e-01
5.568545563107192720e+03 9.958881176342445629e-01
5.568565558233533011e+03 9.964815536999211965e-01
5.568585553359872392e+03 9.963261260239438810e-01
5.568605548486209045e+03 9.959352271023464986e-01
5.568625543612549336e+03 9.971888775737125510e-01
5.568645538738889627e+03 9.968401511460623921e-01
5.568665533865227189e+03 9.956145846681759837e-01
5.568685528991567480e+03 9.963550264958351832e-01
5.568705524117905043e+03 9.963898790265862671e-01
5.568725519244247153e+03 9.956847478311102728e-01
5.568745514370583805e+03 9.965681708335794031e-01
5.568765509496922277e+03 9.979376255892511427e-01
5.568785504623263478e+03 9.965126391637463277e-01
5.568805499749602859e+03 9.961147001295758141e-01
5.568825494875941331e+03 9.967502089548818667e-01
5.568845490002278893e+03 9.966552512167603517e-01
5.568865485128620094e+03 9.978670796573166912e-01
5.568885480254961294e+03 9.971515240680750569e-01
5.568905475381298857e+03 9.971380743859864504e-01
5.568925470507638238e+03 9.982522902540769127e-01
5.568945465633977619e+03 9.981572400339849827e-01
5.568965460760317001e+03 9.982973828564848384e-01
5.568985455886656382e+03 9.993109672521391929e-01
5.569005451012995763e+03 9.991144661216043721e-01
5.569025446139332416e+03 9.986003508202430101e-01
5.569045441265671798e+03 9.991659603689354574e-01
5.569065436392012998e+03 1.000132245343980708e+00
5.569085431518351470e+03 1.000608935039227987e+00
5.569105426644692670e+03 9.993186254124803991e-01
5.569125421771030233e+03 9.990221396299617806e-01
5.569145416897367795e+03 9.987112008833717303e-01
5.569165412023708996e+03 9.998751658693255662e-01
5.569185407150047467e+03 9.996058494446029563e-01
5.569205402276387758e+03 9.993662639282663296e-01
5.569225397402725321e+03 1.000893849503465161e+00
5.569245392529065612e+03 1.000339945343357906e+00
5.569265387655404993e+03 1.000640901812535510e+00
5.569285382781744374e+03 1.000528561658538873e+00
5.569305377908084665e+03 1.000687178263709454e+00
5.569325373034422228e+03 1.000518762618726187e+00
5.569345368160763428e+03 9.992651512540960956e-01
5.569365363287099171e+03 1.000581688085041776e+00
5.569385358413440372e+03 1.000203515888947736e+00
5.569405353539780663e+03 1.000613694067861603e+00
5.569425348666118225e+03 9.992139074570246526e-01
5.569445343792459425e+03 9.997864573364989571e-01
5.569465338918796988e+03 1.000663898297472043e+00
5.569485334045136369e+03 1.000977566436269228e+00
5.569505329171476660e+03 9.999221946687043561e-01
5.569525324297813313e+03 1.000491539866486868e+00
5.569545319424153604e+03 9.992385816128063203e-01
5.569565314550492985e+03 1.000116201680809169e+00
5.569585309676832367e+03 9.998328947358188223e-01
5.569605304803171748e+03 1.000216449649303119e+00
5.569625299929511129e+03 1.001121417435502758e+00
5.569645295055852330e+03 1.000802983577089300e+00
5.569665290182189892e+03 9.990218508503103667e-01
