5.579946162252705108e+03 9.992938966007555157e-01
5.579966157391146226e+03 9.997243342860075987e-01
5.579986152529587343e+03 1.000257139673549123e+00
5.580006147668027552e+03 1.001216391354106339e+00
5.580026142806468670e+03 1.000040520101157737e+00
5.580046137944909788e+03 1.000250447148253619e+00
5.580066133083349996e+03 9.991980976830121541e-01
5.580086128221791114e+03 1.000244223876438188e+00
5.580106123360231322e+03 1.001079578963359085e+00
5.580126118498672440e+03 9.995792839230326354e-01
5.580146113637112649e+03 9.995604578473098467e-01
5.580166108775552857e+03 9.983614387689822012e-01
5.580186103913995794e+03 9.999192006190714688e-01
5.580206099052436912e+03 9.999423774330712389e-01
5.580226094190876211e+03 9.989117545651725605e-01
5.580246089329317329e+03 9.977228605796695238e-01
5.580266084467759356e+03 9.975227685197072258e-01
5.580286079606197745e+03 9.971787728053898014e-01
5.580306074744640682e+03 9.972610224211461150e-01
5.580326069883080891e+03 9.973639484465725014e-01
5.580346065021520189e+03 9.961046113767791921e-01
5.580366060159963126e+03 9.945084271215590688e-01
5.580386055298403335e+03 9.969212208228455108e-01
5.580406050436844453e+03 9.942769326489133697e-01
5.580426045575284661e+03 9.948195459258020179e-01
5.580446040713726688e+03 9.927858425447112500e-01
5.580466035852165078e+03 9.911301702432983030e-01
5.580486030990605286e+03 9.913089585065035791e-01
5.580506026129046404e+03 9.913935432008128545e-01
5.580526021267490250e+03 9.928851318882420118e-01
5.580546016405931368e+03 9.915241401619904194e-01
5.580566011544370667e+03 9.911995589773855420e-01
5.580586006682811785e+03 9.929813396938934611e-01
5.580606001821251994e+03 9.928051036103744398e-01
5.580625996959692202e+03 9.922171123702850926e-01
5.580645992098132410e+03 9.917663458388282782e-01
5.580665987236574438e+03 9.904694523253290139e-01
5.580685982375014646e+03 9.891260240172072837e-01
5.580705977513456673e+03 9.900210421984604325e-01
5.580725972651897791e+03 9.929326162689402491e-01
5.580745967790339819e+03 9.943005559167047425e-01
5.580765962928778208e+03 9.957100227072498422e-01
5.580785958067219326e+03 9.957615826887116217e-01
5.580805953205662263e+03 9.941611598781211478e-01
5.580825948344099743e+03 9.954965346407355087e-01
5.580845943482542680e+03 9.953279927362460588e-01
5.580865938620981979e+03 9.994404894719437493e-01
5.580885933759424006e+03 1.000773144604091058e+00
5.580905928897865124e+03 9.995094644282690455e-01
5.580925924036305332e+03 9.983918147338973759e-01
5.580945919174746450e+03 1.000379563638430058e+00
5.580965914313187568e+03 1.001213037749788537e+00
5.580985909451627776e+03 1.002679911011225444e+00
5.581005904590068894e+03 1.000671682446182764e+00
5.581025899728510012e+03 1.001074227312412468e+00
5.581045894866952040e+03 9.999087563041708648e-01
5.581065890005391338e+03 9.994604993780322744e-01
5.581085885143833366e+03 1.000538436032571310e+00
5.581105880282274484e+03 1.000864676058222269e+00
5.581125875420714692e+03 9.999237633255002589e-01
5.581145870559153991e+03 9.991054181779510657e-01
5.581165865697595109e+03 9.996163354687841451e-01
5.581185860836037136e+03 1.002408524053880479e+00
