5.702070616596692162e+03 9.994370814820716653e-01
5.702090615371655076e+03 1.000889874759430365e+00
5.702110714140494565e+03 1.001073887842932608e+00
5.702130712915461118e+03 1.001730533694422220e+00
5.702150711690424032e+03 1.000132653589592024e+00
5.702170710465389675e+03 1.000044502647649436e+00
5.702190709240352589e+03 1.001748319769469653e+00
5.702210808009191169e+03 1.002342549212572154e+00
5.702230806784157721e+03 1.000980461675955668e+00
5.702250805559118817e+03 1.000471019657662941e+00
5.702270804334084460e+03 9.989677876379772226e-01
5.702290803109049193e+03 9.986054728712639994e-01
5.702310901877889592e+03 9.994506697758137603e-01
5.702330900652853416e+03 1.000191014770146936e+00
5.702350899427817239e+03 9.999375570281112680e-01
5.702370898202781973e+03 9.988213024616825475e-01
5.702390896977744887e+03 9.995949231087747355e-01
5.702410995746585286e+03 9.996106197970275886e-01
5.702430494552175333e+03 9.995867482726490394e-01
5.702450493327138247e+03 9.996396969207205219e-01
5.702470492102103890e+03 9.994759311004663971e-01
5.702490490877067714e+03 9.995460153628685784e-01
5.702510589645907203e+03 9.992583053198947907e-01
5.702530588420871936e+03 1.000018871731089165e+00
5.702550587195834851e+03 1.000023441452106532e+00
5.702570585970799584e+03 9.991893372013543884e-01
5.702590584745764318e+03 9.991545865635277357e-01
5.702610683514603807e+03 9.983830017234559540e-01
5.702630682289567631e+03 9.986204163027241343e-01
5.702650681064531454e+03 9.984082417743921356e-01
5.702670679839497097e+03 9.980851763834842627e-01
5.702690678614460921e+03 9.981764236615828789e-01
5.702710777383299501e+03 9.986205442251678832e-01
5.702730776158264234e+03 9.984970741619385581e-01
5.702750774933229877e+03 9.970166996531530934e-01
5.702770773708193701e+03 9.976523191894629550e-01
5.702790772483156616e+03 9.978131264505611941e-01
5.702810871251997014e+03 9.976695253461098645e-01
5.702830870026959929e+03 9.977123836740101614e-01
5.702850868801926481e+03 9.966059594883905914e-01
5.702870867576889395e+03 9.988052460309587710e-01
5.702890866351854129e+03 9.993138852015851503e-01
5.702910965120694527e+03 9.985462338454135223e-01
5.702930463926282755e+03 9.976331340902693245e-01
5.702950462701246579e+03 9.970972949926857343e-01
5.702970461476210403e+03 9.983368780269893383e-01
5.702990460251173317e+03 9.978685852907061005e-01
5.703010559020015535e+03 9.971160114394423957e-01
5.703030557794979359e+03 9.982235495358453559e-01
5.703050556569945911e+03 9.980607371507359549e-01
5.703070555344907916e+03 9.972506328419038502e-01
5.703090554119874469e+03 9.977986233633100444e-01
5.703110652888712139e+03 9.970349253895691710e-01
5.703130651663675053e+03 9.981606589315408229e-01
5.703150650438639786e+03 9.982962875468665009e-01
5.703170649213607248e+03 9.973681811114744056e-01
5.703190647988567434e+03 9.961053062036673289e-01
5.703210746757406014e+03 9.959112494637843982e-01
5.703230745532370747e+03 9.979132410599471648e-01
5.703250744307336390e+03 9.977524280161146342e-01
5.703270743082301124e+03 9.969674588254117120e-01
5.703290741857265857e+03 9.966967263628020435e-01
5.703310840626104437e+03 9.963554480553137305e-01
5.703330839401068260e+03 9.956722898567634816e-01
5.703350838176033903e+03 9.941935238260716234e-01
5.703370836950997727e+03 9.932199249863511437e-01
5.703390835725961551e+03 9.935864427965702683e-01
5.703410934494800131e+03 9.939963702030202297e-01
5.703430433300391087e+03 9.953509136580721561e-01
5.703450432075355820e+03 9.958606522668652650e-01
5.703470430850319644e+03 9.943586179537633463e-01
5.703490429625282559e+03 9.950932344522885886e-01
5.703510528394124776e+03 9.939209666720107972e-01
5.703530527169086781e+03 9.928746906016594487e-01
5.703550525944053334e+03 9.934166998463731524e-01
5.703570524719016248e+03 9.948380913453763741e-01
5.703590523493980982e+03 9.954668545838624150e-01
5.703610622262820470e+03 9.937287860991723676e-01
5.703630621037784294e+03 9.924636225787790700e-01
5.703650619812747209e+03 9.912619721020835550e-01
5.703670618587712852e+03 9.905040403116321945e-01
5.703690617362674857e+03 9.909673978316283494e-01
5.703710716131515255e+03 9.916597390565632386e-01
5.703730714906480898e+03 9.908997738657988608e-01
5.703750713681443813e+03 9.902608195515011369e-01
5.703770712456407637e+03 9.902814407203439639e-01
5.703790711231371461e+03 9.881165326439816932e-01
5.703810810000210040e+03 9.877902336361364943e-01
5.703830808775177502e+03 9.886721511272613672e-01
5.703850807550143145e+03 9.886665361026638621e-01
5.703870806325104240e+03 9.878480009862272704e-01
5.703890805100069883e+03 9.897516474849200607e-01
5.703910903868908463e+03 9.872820670504188767e-01
5.703930402674499419e+03 9.867285513270660502e-01
5.703950401449462333e+03 9.866018846376858331e-01
5.703970400224426157e+03 9.862876107643252510e-01
5.703990398999390891e+03 9.860267892072580587e-01
5.704010497768230380e+03 9.848259473065721359e-01
5.704030496543196023e+03 9.845883076180073079e-01
5.704050495318159847e+03 9.844908680062824935e-01
5.704070494093122761e+03 9.840837643038212734e-01
5.704090492868090223e+03 9.839943880031531975e-01
5.704110591636927893e+03 9.844346144472482241e-01
5.704130590411892626e+03 9.845953966680137670e-01
5.704150589186856450e+03 9.834569670844687250e-01
5.704170587961820274e+03 9.831113683130415781e-01
5.704190586736784098e+03 9.831712706942536961e-01
5.704210685505623587e+03 9.840684647251103367e-01
5.704230684280590140e+03 9.846226596741299852e-01
5.704250683055551235e+03 9.837888236159662014e-01
5.704270681830516878e+03 9.835128168948841232e-01
5.704290680605478883e+03 9.824792208174382147e-01
5.704310779374320191e+03 9.815152546864138738e-01
5.704330778149284015e+03 9.807761887284273117e-01
5.704350776924248748e+03 9.813233220718033945e-01
5.704370775699212572e+03 9.821983255706865368e-01
5.704390774474177306e+03 9.814289819027723905e-01
5.704410873243015885e+03 9.815655873594315572e-01
5.704430372048606841e+03 9.826976553133045522e-01
5.704450370823569756e+03 9.838017063601690593e-01
5.704470369598536308e+03 9.842147170500521458e-01
5.704490368373498313e+03 9.842312550219574074e-01
5.704510467142339621e+03 9.837918294412061337e-01
5.704530465917302536e+03 9.827046582301224298e-01
5.704550464692268179e+03 9.826556062312736817e-01
5.704570463467232003e+03 9.830272600938255723e-01
5.704590462242196736e+03 9.828278841350748252e-01
5.704610561011035315e+03 9.833670665315505932e-01
5.704630559785999139e+03 9.840646155563437247e-01
5.704650558560963873e+03 9.833325313778219501e-01
5.704670557335928606e+03 9.817256900092634631e-01
5.704690556110891521e+03 9.824313142685123790e-01
5.704710654879733738e+03 9.833125501941496482e-01
5.704730653654696653e+03 9.828467991666064441e-01
5.704750652429659567e+03 9.821368699722682338e-01
5.704770651204626120e+03 9.822331003349861200e-01
5.704790649979589034e+03 9.832444814079055462e-01
5.704810748748428523e+03 9.831066786639173216e-01
5.704830747523390528e+03 9.821999715981980517e-01
5.704850746298356171e+03 9.824122418213624419e-01
5.704870745073319085e+03 9.819878243612192303e-01
5.704890743848284728e+03 9.813444404335188720e-01
5.704910842617123308e+03 9.819230312003325301e-01
5.704930341422715173e+03 9.829060055078818747e-01
5.704950340197678997e+03 9.815936100022351063e-01
5.704970338972641912e+03 9.814587680111088730e-01
5.704990337747604826e+03 9.818637768225545459e-01
5.705010436516447044e+03 9.806886153717799814e-01
5.705030435291409958e+03 9.790027924846204099e-01
5.705050434066376511e+03 9.796267646072972513e-01
5.705070432841339425e+03 9.807906191909167015e-01
5.705090431616306887e+03 9.792329110744357745e-01
5.705110530385141828e+03 9.782110627540769876e-01
5.705130529160106562e+03 9.767128442572380331e-01
5.705150527935068567e+03 9.781511999644884048e-01
5.705170526710036938e+03 9.821114451881386431e-01
5.705190525485000762e+03 9.821521877664870503e-01
5.705210624253839342e+03 9.802937209475492963e-01
5.705230623028803166e+03 9.816645420178001791e-01
5.705250621803767899e+03 9.822552871042077305e-01
5.705270620578731723e+03 9.827219115517721315e-01
5.705290619353695547e+03 9.834166235597445738e-01
5.705310718122535036e+03 9.842546976806449965e-01
5.705330716897500679e+03 9.840007687526294289e-01
5.705350715672463593e+03 9.850346100934087579e-01
5.705370714447428327e+03 9.846757227910389876e-01
5.705390713222393060e+03 9.855551730962472945e-01
5.705410811991231640e+03 9.862207190797066536e-01
5.705430310796822596e+03 9.861532973043878325e-01
5.705450309571786420e+03 9.857146746871903176e-01
5.705470308346750244e+03 9.852387011124889016e-01
5.705490307121714068e+03 9.861666394916165368e-01
5.705510405890554466e+03 9.844381661293565289e-01
5.705530404665517381e+03 9.848402651671424035e-01
5.705550403440484843e+03 9.853332093716217210e-01
5.705570402215445938e+03 9.852881927300397580e-01
5.705590400990412491e+03 9.855762547781599103e-01
5.705610499759250160e+03 9.852658251477188767e-01
5.705630498534216713e+03 9.883003313032246995e-01
5.705650497309177808e+03 9.873983934707986077e-01
5.705670496084145270e+03 9.861946394243295000e-01
5.705690494859107275e+03 9.867057933318402752e-01
5.705710593627947674e+03 9.889046886299442951e-01
5.705730592402913317e+03 9.902062290890262242e-01
5.705750591177876231e+03 9.881929175184085423e-01
5.705770589952840055e+03 9.898326265263583945e-01
5.705790588727802060e+03 9.900460548963126994e-01
5.705810687496643368e+03 9.901343604631047679e-01
5.705830686271607192e+03 9.901125963486816506e-01
5.705850685046571925e+03 9.905087419965959983e-01
5.705870683821537568e+03 9.925987575497282611e-01
5.705890682596500483e+03 9.916624410634058417e-01
5.705910781365339972e+03 9.906746680037594732e-01
5.705930280170930018e+03 9.901257459231764813e-01
5.705950278945894752e+03 9.917080569632347187e-01
5.705970277720857666e+03 9.932348728446547259e-01
5.705990276495823309e+03 9.931444870590752094e-01
5.706010375264664617e+03 9.946138419303268696e-01
5.706030374039625713e+03 9.944245330801012583e-01
5.706050372814591356e+03 9.952487906832266917e-01
5.706070371589555180e+03 9.953320598077084469e-01
5.706090370364521732e+03 9.954547027167118811e-01
5.706110469133357583e+03 9.950241528610541675e-01
5.706130467908321407e+03 9.937122012156446305e-01
5.706150466683287959e+03 9.940276620255626971e-01
5.706170465458252693e+03 9.956989992546109169e-01
5.706190464233215607e+03 9.946929258959258391e-01
5.706210563002055096e+03 9.944178291979911544e-01
5.706230561777019830e+03 9.940548488512893632e-01
5.706250560551982744e+03 9.944712877541038720e-01
5.706270559326948387e+03 9.961204886750623100e-01
5.706290558101912211e+03 9.940825273555701225e-01
5.706310656870751700e+03 9.931844624508283648e-01
5.706330655645715524e+03 9.942268930751680944e-01
5.706350654420680257e+03 9.952774188747943729e-01
5.706370653195644081e+03 9.947347022302444053e-01
5.706390651970608815e+03 9.942707311833857142e-01
5.706410750739448304e+03 9.953930149781096137e-01
5.706430249545038350e+03 9.941271283152902649e-01
5.706450248320002174e+03 9.951585135714130503e-01
5.706470247094965998e+03 9.966917443872785887e-01
5.706490245869930732e+03 9.980109403125222434e-01
5.706510344638769311e+03 9.979468697915456765e-01
5.706530343413733135e+03 9.972930669332581433e-01
5.706550342188699688e+03 9.966998376929946390e-01
5.706570340963663512e+03 9.968194869858993945e-01
5.706590339738628245e+03 9.985042758850672939e-01
5.706610438507465915e+03 9.988966248366127898e-01
5.706630437282430648e+03 9.996756846476270164e-01
5.706650436057394472e+03 9.997489129823304843e-01
5.706670434832360115e+03 9.995939274918366202e-01
5.706690433607324849e+03 1.001165713834820892e+00
5.706710532376161609e+03 1.002859758334644802e+00
5.706730531151128162e+03 1.002009024546719695e+00
5.706750529926091076e+03 1.002699285481298608e+00
5.706770528701055810e+03 1.003022984686394281e+00
5.706790527476019633e+03 1.003167945389877413e+00
5.706810626244860032e+03 1.003299823487747044e+00
5.706830625019822037e+03 1.002539944899291324e+00
5.706850623794788589e+03 1.001596255143620828e+00
5.706870622569751504e+03 1.001625071206957873e+00
5.706890621344715328e+03 1.002808199593065330e+00
5.706910720113555726e+03 1.003185486966813089e+00
5.706930218919146682e+03 1.002847502727705509e+00
5.706950217694111416e+03 1.001960330542085886e+00
5.706970216469076149e+03 1.000981239284647994e+00
5.706990215244038154e+03 1.001698830216724012e+00
5.707010314012877643e+03 1.001887263459773303e+00
5.707030312787843286e+03 1.002695770609826509e+00
5.707050311562807110e+03 1.003812331259971158e+00
5.707070310337772753e+03 1.004267377607097833e+00
5.707090309112736577e+03 1.003673058935360185e+00
5.707110407881574247e+03 1.002884854634577438e+00
5.707130406656538980e+03 1.003811574987171884e+00
5.707150405431502804e+03 1.003512159632696576e+00
5.707170404206468447e+03 1.003816729973589172e+00
5.707190402981430452e+03 1.004888925964549706e+00
5.707210501750269941e+03 1.004479461303140253e+00
5.707230500525234675e+03 1.003486140660201364e+00
5.707250499300199408e+03 1.003482654850921474e+00
5.707270498075163232e+03 1.002609505761887787e+00
5.707290496850129784e+03 1.004025161186251403e+00
5.707310595618969273e+03 1.002063179434690143e+00
5.707330594393931278e+03 1.000353642624101314e+00
5.707350593168896921e+03 1.000258210620846855e+00
5.707370591943860745e+03 1.000014291444204062e+00
