5.715569789697605302e+03 9.999675116030380950e-01
5.715589788472570035e+03 1.000325678511423400e+00
5.715609887241408614e+03 1.000733539396392313e+00
5.715629886016372438e+03 9.995457352084553548e-01
5.715649884791339900e+03 9.993852654137012070e-01
5.715669883566302815e+03 9.988258817403838918e-01
5.715689882341265729e+03 9.978576482882931531e-01
5.715709981110105218e+03 9.977868445926000307e-01
5.715729979885070861e+03 9.987632777427837283e-01
5.715749978660032866e+03 9.996199884913741229e-01
5.715769977434997600e+03 9.991604005692952262e-01
5.715789976209962333e+03 9.991495476154336197e-01
5.715810074978801822e+03 9.988792970090202283e-01
5.715830073753766555e+03 9.970936803134035076e-01
5.715850072528732198e+03 9.967129934457231721e-01
5.715870071303696022e+03 9.967211611592324827e-01
5.715890070078659846e+03 9.969067895277772262e-01
5.715910168847497516e+03 9.967323574488264892e-01
5.715929667653088472e+03 9.957204556460260703e-01
5.715949666428054115e+03 9.943080997237047081e-01
5.715969665203016120e+03 9.943093634056442420e-01
5.715989663977979035e+03 9.942498212880825914e-01
5.716009762746820343e+03 9.922892556504461226e-01
5.716029761521785076e+03 9.927152005582497996e-01
5.716049760296749810e+03 9.913609661859055233e-01
5.716069759071714543e+03 9.910104879714111137e-01
5.716089757846677458e+03 9.906171749704515417e-01
5.716109856615516037e+03 9.898898614877051916e-01
5.716129855390479861e+03 9.899420894357184864e-01
5.716149854165445504e+03 9.907228090166957379e-01
5.716169852940410237e+03 9.914725879180091850e-01
5.716189851715374061e+03 9.931460868295765021e-01
5.716209950484212641e+03 9.931283023464807513e-01
5.716229949259178284e+03 9.932860472580350431e-01
5.716249948034143927e+03 9.936261273616994183e-01
5.716269946809106841e+03 9.948948207302231728e-01
5.716289945584069756e+03 9.955177963746445480e-01
5.716310044352911063e+03 9.953475043013276791e-01
5.716330043127873068e+03 9.953875946918213646e-01
5.716350041902837802e+03 9.954067612516893648e-01
5.716370040677802535e+03 9.963843047903157002e-01
5.716390039452767269e+03 9.957310020793849192e-01
5.716410138221604939e+03 9.961933008219121533e-01
5.716429637027195895e+03 9.982752247581285765e-01
5.716449635802160628e+03 9.985931344017463518e-01
5.716469634577125362e+03 9.984727485421185378e-01
5.716489633352089186e+03 9.984918175174471999e-01
5.716509732120927765e+03 9.989689013793188188e-01
5.716529730895893408e+03 9.995457087519167283e-01
5.716549729670857232e+03 9.994850668374722913e-01
5.716569728445820147e+03 9.989762609473098465e-01
5.716589727220785790e+03 9.994335077166265346e-01
5.716609825989624369e+03 9.991835069470440533e-01
5.716629824764588193e+03 9.985851327373932440e-01
5.716649823539552926e+03 9.998489527518444886e-01
5.716669822314518569e+03 1.000485356741636744e+00
5.716689821089483303e+03 9.993492962169651106e-01
5.716709919858320973e+03 9.984023378951949468e-01
