5.718329920624303668e+03 9.991887039426287087e-01
5.718349919399269311e+03 9.987167017107562161e-01
5.718369918174234044e+03 1.000076491170596826e+00
5.718389916949199687e+03 1.000819039194113191e+00
5.718410015718038267e+03 1.000476434381690982e+00
5.718429514523628313e+03 1.001268853603658915e+00
5.718449513298591228e+03 1.001682865951878609e+00
5.718469512073558690e+03 9.996080836560544691e-01
5.718489510848520695e+03 1.002092765327405433e+00
5.718509609617359274e+03 1.002885041896821150e+00
5.718529608392324008e+03 1.001517088337879891e+00
5.718549607167290560e+03 1.001104826181170138e+00
5.718569605942252565e+03 1.000732387277531776e+00
5.718589604717216389e+03 1.002181701809131686e+00
5.718609703486056787e+03 1.002187526460123879e+00
5.718629702261020611e+03 1.001008745905675346e+00
5.718649701035986254e+03 1.000686087614108599e+00
5.718669699810950078e+03 9.993580015943955841e-01
5.718689698585913902e+03 9.995529979889491434e-01
5.718709797354753391e+03 9.998375643873084195e-01
5.718729796129717215e+03 1.000530288959922354e+00
5.718749794904681949e+03 1.000366912883548842e+00
5.718769793679648501e+03 9.988198554243322702e-01
5.718789792454610506e+03 9.976112640666109366e-01
5.718809891223447266e+03 9.980152864146594194e-01
5.718829889998413819e+03 9.969659792213499960e-01
5.718849888773378552e+03 9.962153123223717044e-01
5.718869887548342376e+03 9.974853842284477912e-01
5.718889886323308929e+03 9.964958180429454027e-01
5.718909985092145689e+03 9.955858737209699605e-01
5.718929483897736645e+03 9.935223644477637617e-01
5.718949482672702288e+03 9.933620103342302166e-01
5.718969481447664293e+03 9.893991743118972781e-01
5.718989480222630846e+03 9.885878400843626235e-01
5.719009578991467606e+03 9.852630914287491271e-01
5.719029577766432340e+03 9.813212409638027989e-01
5.719049576541397073e+03 9.796987004668601395e-01
5.719069575316360897e+03 9.785370407418287897e-01
5.719089574091323811e+03 9.769682760768293450e-01
5.719109672860164210e+03 9.770468679020580804e-01
5.719129671635129853e+03 9.772409434228280789e-01
5.719149670410094586e+03 9.770209402589623560e-01
5.719169669185057501e+03 9.782850409871846065e-01
5.719189667960021325e+03 9.763350831515176242e-01
5.719209766728860814e+03 9.777225816594645735e-01
5.719229765503826457e+03 9.815298122822956328e-01
5.719249764278788462e+03 9.818104608997464400e-01
5.719269763053754104e+03 9.793100904226733627e-01
5.719289761828717019e+03 9.786302340004877642e-01
5.719309860597557417e+03 9.789855219493982519e-01
5.719329859372520332e+03 9.779861680621301234e-01
5.719349858147486884e+03 9.770734167019043959e-01
5.719369856922449799e+03 9.782200163592157383e-01
5.719389855697414532e+03 9.788898442009097423e-01
5.719409954466253112e+03 9.813124131117271221e-01
5.719429453271844068e+03 9.811193804813220787e-01
5.719449452046806073e+03 9.815144809771677581e-01
5.719469450821773535e+03 9.838315266144106452e-01
5.719489449596736449e+03 9.859385432184945008e-01
5.719509548365577757e+03 9.882495597070662940e-01
5.719529547140539762e+03 9.902420814220492806e-01
5.719549545915505405e+03 9.911815635397593915e-01
5.719569544690469229e+03 9.910978777693268960e-01
5.719589543465433053e+03 9.904707654875472000e-01
5.719609642234271632e+03 9.908976436978509383e-01
5.719629641009238185e+03 9.909154787446824431e-01
5.719649639784202918e+03 9.918927594500271949e-01
5.719669638559166742e+03 9.914537606543896153e-01
5.719689637334130566e+03 9.922429256343817672e-01
5.719709736102967327e+03 9.933764249779054589e-01
5.719729734877934789e+03 9.935136807664165515e-01
5.719749733652896794e+03 9.947049108073222623e-01
5.719769732427864255e+03 9.960075992484830332e-01
5.719789731202827170e+03 9.959238977894558920e-01
5.719809829971663930e+03 9.956610328947261834e-01
5.719829828746629573e+03 9.951264903554493113e-01
5.719849827521592488e+03 9.950258746307658608e-01
5.719869826296558131e+03 9.955592217760232954e-01
5.719889825071521955e+03 9.949480538537343044e-01
5.719909923840359625e+03 9.941895776484792613e-01
5.719929422645952400e+03 9.939915379389044903e-01
5.719949421420918043e+03 9.945119429483478823e-01
5.719969420195881867e+03 9.949308322517935732e-01
5.719989418970845691e+03 9.947088052238286515e-01
5.720009517739682451e+03 9.948728981655083903e-01
5.720029516514649004e+03 9.948618552813974780e-01
5.720049515289613737e+03 9.940088782615796870e-01
5.720069514064574832e+03 9.939570362720715480e-01
5.720089512839539566e+03 9.950805094008302598e-01
5.720109611608379055e+03 9.953610338725684681e-01
5.720129610383346517e+03 9.943587922452477024e-01
5.720149609158308522e+03 9.949209719881765279e-01
5.720169607933272346e+03 9.954184611244161207e-01
5.720189606708236170e+03 9.952551562599315504e-01
5.720209705477075659e+03 9.962064132501778912e-01
5.720229704252041302e+03 9.957545109053034249e-01
5.720249703027004216e+03 9.954916914263252092e-01
5.720269701801968040e+03 9.969604338456007353e-01
5.720289700576932773e+03 9.984192128069203642e-01
5.720309799345775900e+03 9.989226239179054279e-01
5.720329798120738815e+03 9.991474130216230209e-01
5.720349796895702639e+03 9.986158992822834479e-01
5.720369795670666463e+03 1.000403040163825974e+00
5.720389794445631196e+03 1.000667625517112302e+00
