5.752638678231523045e+03 9.996749720255999616e-01
5.752658677740900202e+03 1.000523164797683107e+00
5.752678677250280089e+03 1.001003379236895086e+00
5.752698676759655427e+03 1.000684952724182786e+00
5.752718776266583518e+03 1.001398211464485488e+00
5.752738775775963404e+03 1.002300033467857565e+00
5.752758775285341471e+03 1.002654492524334584e+00
5.752778774794721357e+03 1.001582436127615550e+00
5.752798774304098515e+03 9.990660938518592937e-01
5.752818873811025696e+03 9.984515834921257049e-01
5.752838873320402854e+03 9.993174617536491056e-01
5.752858872829781831e+03 9.999051953012041416e-01
5.752878872339162626e+03 9.999457233093796971e-01
5.752898871848539784e+03 9.987753723380804471e-01
5.752918971355465146e+03 1.000914509240639516e+00
5.752938970864845032e+03 1.000479649986643071e+00
5.752958970374224918e+03 1.000188319866789133e+00
5.752978969883602076e+03 9.999059814542847757e-01
5.752998969392981962e+03 9.993546365923993147e-01
5.753019068899907325e+03 9.983637386365674660e-01
5.753039068409284482e+03 9.971668821509154235e-01
5.753059067918666187e+03 9.974585718530302181e-01
5.753079067428044254e+03 9.965308346178687326e-01
5.753099066937424141e+03 9.960962936359545328e-01
5.753118666456614847e+03 9.986032689957550224e-01
5.753138665965994733e+03 9.967521892253943250e-01
5.753158665475372800e+03 9.968017898108247898e-01
5.753178664984750867e+03 9.958832303797806595e-01
5.753198664494128934e+03 9.957715095436261432e-01
5.753218764001057025e+03 9.965828578626659828e-01
5.753238763510434183e+03 9.960498420545980114e-01
5.753258763019814978e+03 9.939124980514427721e-01
5.753278762529191226e+03 9.937650250257956674e-01
5.753298762038572022e+03 9.932680364466818235e-01
5.753318861545496475e+03 9.928425837968550827e-01
5.753338861054875451e+03 9.929640181652950037e-01
5.753358860564253519e+03 9.915351612369743828e-01
5.753378860073634314e+03 9.936997028459572112e-01
5.753398859583013291e+03 9.950128284403605416e-01
5.753418959089938653e+03 9.946053124495772835e-01
5.753438958599316720e+03 9.936604456826473308e-01
5.753458958108696606e+03 9.948838216006411495e-01
5.753478957618075583e+03 9.958024933561492320e-01
5.753498957127453650e+03 9.971331893671335767e-01
5.753519056634380831e+03 9.985352446903594803e-01
5.753539056143758899e+03 9.980383076667076470e-01
5.753559055653138785e+03 9.958305157295029852e-01
5.753579055162517761e+03 9.982537769899275659e-01
5.753599054671896738e+03 9.965925218438652644e-01
5.753618654191087444e+03 9.967414108353148672e-01
5.753638653700467330e+03 9.982418646403445894e-01
5.753658653209844488e+03 9.990973824449356222e-01
5.753678652719222555e+03 9.973378502987899630e-01
5.753698652228602441e+03 9.974321564338779478e-01
5.753718751735528713e+03 9.977411678536151074e-01
5.753738751244907689e+03 9.988025191279598092e-01
5.753758750754286666e+03 9.994519025591490635e-01
5.753778750263664733e+03 9.998505328569956552e-01
5.753798749773044619e+03 1.001251896446992973e+00
5.753818849279969072e+03 1.000423675187862571e+00
5.753838848789348958e+03 9.987094201302587626e-01
5.753858848298727935e+03 9.982486080343564439e-01
5.753878847808106912e+03 9.993812572583572473e-01
5.753898847317485888e+03 1.001400010604555968e+00
5.753918946824410341e+03 1.000894190659435523e+00
5.753938946333791137e+03 9.993950800221409470e-01
5.753958945843168294e+03 9.995071588198214396e-01
5.753978945352548180e+03 9.992970280438718822e-01
5.753998944861927157e+03 9.997491896160721758e-01
5.754019044368852519e+03 1.001794090880006927e+00
5.754039043878231496e+03 9.990513429477454466e-01
