5.759318714359165824e+03 9.993225472413129751e-01
5.759338713868546620e+03 9.998202005797265368e-01
5.759358713377922868e+03 9.998032194119073068e-01
5.759378712887302754e+03 1.000407350211471424e+00
5.759398712396681731e+03 1.000372623385537452e+00
5.759418811903607093e+03 1.000124947315537804e+00
5.759438811412987889e+03 1.000241062041797191e+00
5.759458810922365956e+03 9.990084724682438688e-01
5.759478810431745842e+03 1.000091750322732675e+00
5.759498809941123000e+03 9.988680318078246856e-01
5.759518909448049271e+03 9.998004727320165541e-01
5.759538908957428248e+03 1.001460504056569834e+00
5.759558908466807225e+03 1.001558874126553755e+00
5.759578907976185292e+03 9.981080057426156005e-01
5.759598907485566087e+03 9.987387595850595323e-01
5.759618507004756793e+03 9.967696778863065488e-01
5.759638506514133951e+03 9.986426679912707716e-01
5.759658506023513837e+03 9.990782149474687346e-01
5.759678505532892814e+03 9.979520916320173685e-01
5.759698505042270881e+03 9.978197579421461683e-01
5.759718604549197153e+03 9.993733252028058622e-01
5.759738604058575220e+03 1.000421121428941795e+00
5.759758603567955106e+03 1.000750193496651175e+00
5.759778603077334083e+03 9.986923848739434062e-01
5.759798602586713969e+03 9.970161194532874971e-01
5.759818702093638422e+03 9.975049106718418823e-01
5.759838701603018308e+03 9.989342563942095188e-01
5.759858701112397284e+03 9.986155855818349414e-01
5.759878700621776261e+03 9.983501534660917942e-01
5.759898700131155238e+03 9.971796540263425657e-01
5.759918799638079690e+03 9.976240811559649035e-01
5.759938799147459576e+03 9.985121660782089181e-01
5.759958798656838553e+03 9.972618050273180934e-01
5.759978798166215711e+03 9.964905965976087465e-01
5.759998797675594687e+03 9.942730490267980281e-01
5.760018897182524597e+03 9.924193049307853398e-01
5.760038896691901755e+03 9.923668244695554863e-01
5.760058896201280731e+03 9.930951907489543595e-01
5.760078895710657889e+03 9.931758097064758983e-01
5.760098895220037775e+03 9.911002234523612620e-01
5.760118494739229391e+03 9.899385666893698588e-01
5.760138494248606548e+03 9.899481971094512556e-01
5.760158493757986435e+03 9.905434648892522675e-01
5.760178493267365411e+03 9.916267650728017857e-01
5.760198492776744388e+03 9.923906278648346735e-01
5.760218592283670660e+03 9.916549056230672399e-01
5.760238591793049636e+03 9.893840940325260291e-01
5.760258591302426794e+03 9.915943091747652094e-01
5.760278590811807589e+03 9.911514008450941216e-01
5.760298590321185657e+03 9.901494713670813130e-01
5.760318689828112838e+03 9.892096575665095815e-01
5.760338689337489996e+03 9.886070260014460098e-01
5.760358688846868972e+03 9.885456685374743868e-01
5.760378688356247949e+03 9.895757352264153983e-01
5.760398687865627835e+03 9.904638294906126239e-01
5.760418787372553197e+03 9.917778512110599909e-01
5.760438786881931264e+03 9.920625581065328769e-01
5.760458786391310241e+03 9.917971149372096784e-01
5.760478785900691037e+03 9.917890000107496551e-01
5.760498785410068194e+03 9.913283412253447446e-01
5.760518884916993557e+03 9.936894316389845994e-01
5.760538884426372533e+03 9.913476080713508054e-01
5.760558883935751510e+03 9.925995196793897524e-01
5.760578883445130487e+03 9.931947989455274239e-01
5.760598882954510373e+03 9.923525814131982647e-01
5.760618482473701988e+03 9.930365806966495734e-01
5.760638481983079146e+03 9.947321701881395306e-01
5.760658481492460851e+03 9.954516813556280042e-01
5.760678481001838009e+03 9.949821486889399713e-01
5.760698480511213347e+03 9.952579873170780411e-01
5.760718580018141438e+03 9.954805892688063373e-01
5.760738579527523143e+03 9.952328927797049474e-01
5.760758579036901210e+03 9.959879010446203162e-01
5.760778578546277458e+03 9.970091155664136950e-01
5.760798578055657345e+03 9.967170521102134417e-01
5.760818677562584526e+03 9.974986875913960382e-01
5.760838677071961683e+03 9.974905768182875665e-01
5.760858676581341570e+03 9.967814570976047950e-01
5.760878676090721456e+03 9.964538984015163248e-01
5.760898675600099523e+03 9.973597618608256443e-01
5.760918775107025795e+03 9.970233333561332456e-01
5.760938774616403862e+03 9.946992235416630690e-01
5.760958774125781019e+03 9.962262372550487743e-01
5.760978773635162725e+03 9.975757818683087530e-01
5.760998773144541701e+03 9.974168202312256870e-01
5.761018872651466154e+03 9.976039319775055203e-01
5.761038872160845131e+03 9.969480489617308372e-01
5.761058871670224107e+03 9.971529040092329543e-01
5.761078871179603993e+03 9.989372611367207666e-01
5.761098870688981151e+03 9.988404151915127871e-01
5.761118470208173676e+03 9.991606139082684912e-01
5.761138469717553562e+03 1.000865113989609867e+00
5.761158469226930720e+03 1.000688406589775203e+00
5.761178468736310606e+03 1.001789502966204948e+00
5.761198468245688673e+03 1.000459222007987981e+00
5.761218567752615854e+03 9.995548781666613314e-01
5.761238567261993921e+03 9.992894326063199717e-01
5.761258566771371989e+03 9.995919012856931962e-01
5.761278566280750965e+03 1.000258191023681187e+00
5.761298565790130851e+03 1.000684892415477423e+00
5.761318665297056214e+03 9.996208188977111497e-01
5.761338664806435190e+03 9.991335300056713997e-01
5.761358664315815076e+03 1.000341117135119084e+00
5.761378663825194053e+03 1.000164407788683540e+00
5.761398663334570301e+03 9.994641490439883924e-01
5.761418762841497482e+03 1.000600753239093033e+00
5.761438762350876459e+03 9.998738725613017797e-01
5.761458761860254526e+03 9.990316322204673138e-01
