5.761945640399560034e+03 1.002636309349557164e+00
5.761965639932852355e+03 1.003411632964105848e+00
5.761985639466150133e+03 1.001593791134738565e+00
5.762005638999444272e+03 1.000307400593559271e+00
5.762025738530405761e+03 9.940181146356372732e-01
5.762045738063699901e+03 1.003140117055426161e+00
5.762065737596994950e+03 1.004278297348168980e+00
5.762085737130289090e+03 1.002321041446616157e+00
5.762105236675251945e+03 1.002474551764226396e+00
5.762125336206215252e+03 1.002991868858031266e+00
5.762145335739509392e+03 1.004418417947653852e+00
5.762165335272803532e+03 9.919654812677463074e-01
5.762185334806099490e+03 9.972083904492980988e-01
5.762205334339394540e+03 1.001850325223319516e+00
5.762225433870356937e+03 9.988340811538192199e-01
5.762245433403650168e+03 9.915580601329375687e-01
5.762265432936947036e+03 9.903850453211815452e-01
5.762285432470239357e+03 9.851908420498932673e-01
5.762305432003538044e+03 9.825362708127706179e-01
5.762325531534497713e+03 9.827796696293842338e-01
5.762345531067790944e+03 9.840270526803601703e-01
5.762365530601086903e+03 9.878644987897536867e-01
5.762385530134381952e+03 9.909117711983878030e-01
5.762405529667677911e+03 9.832605644388042743e-01
5.762425629198637580e+03 9.787312110921352337e-01
5.762445628731933539e+03 9.817635680307206236e-01
5.762465628265227679e+03 9.802268368892164130e-01
5.762485627798523637e+03 9.841942339537240736e-01
5.762505627331818687e+03 9.826674245570012900e-01
5.762525726862780175e+03 9.752631145978439831e-01
5.762545726396075224e+03 9.833133695275587671e-01
5.762565725929371183e+03 9.832981317026426860e-01
5.762585725462665323e+03 9.793839957006095220e-01
5.762605225007627268e+03 9.762893161237651274e-01
5.762625324538589666e+03 9.756224817425479534e-01
5.762645324071885625e+03 9.802821575089194495e-01
5.762665323605177036e+03 9.879662164579265937e-01
5.762685323138474814e+03 9.872647319163403434e-01
5.762705322671768954e+03 9.829569564856726060e-01
5.762725422202729533e+03 9.856130723104770119e-01
5.762745421736025492e+03 9.889954753375503893e-01
5.762765421269321450e+03 9.843639534316379613e-01
5.762785420802613771e+03 9.841994992117295560e-01
5.762805420335910640e+03 9.921393076611655371e-01
5.762825519866872128e+03 9.917912068124996594e-01
5.762845519400165358e+03 9.859700225634046022e-01
5.762865518933461317e+03 9.929504534921697045e-01
5.762885518466758185e+03 9.968364893967183171e-01
5.762905518000049597e+03 9.930500008791806055e-01
5.762925617531012904e+03 9.905671447733671586e-01
5.762945617064307953e+03 9.931845691126838238e-01
5.762965616597602093e+03 9.948118736777519233e-01
5.762985616130897142e+03 1.001968264758255067e+00
5.763005615664193101e+03 9.927815188225787013e-01
5.763025715195152770e+03 9.955737544011097340e-01
5.763045714728447820e+03 1.001561308336308853e+00
5.763065714261744688e+03 1.006185509691538194e+00
5.763085713795039737e+03 1.005852497967720804e+00
5.763105213340001683e+03 9.981666389733769851e-01
5.763125312870962262e+03 9.995856805380607391e-01
5.763145312404257311e+03 1.002169490791271711e+00
5.763165311937552360e+03 1.002189738708903155e+00
5.763185311470849228e+03 9.997058941008176713e-01
