5.765318567172836083e+03 9.989253193781737483e-01
5.765338566682214150e+03 1.000164054515029877e+00
5.765358566191594036e+03 1.000228911977061541e+00
5.765378565700972104e+03 9.999622142712192296e-01
5.765398565210351990e+03 1.000224213036194909e+00
5.765418664717275533e+03 1.000468301568816054e+00
5.765438664226658148e+03 9.989380995170209498e-01
5.765458663736035305e+03 9.991642535970191030e-01
5.765478663245414282e+03 1.000420929733000897e+00
5.765498662754791440e+03 1.000190073224203280e+00
5.765518762261716802e+03 1.000998712969252802e+00
5.765538761771095778e+03 9.994953789882564665e-01
5.765558761280476574e+03 9.974812542017005290e-01
5.765578760789855551e+03 9.978418252124718890e-01
5.765598760299234527e+03 9.978349898671831086e-01
5.765618359818426143e+03 9.973442078938404842e-01
5.765638359327805119e+03 9.978123153244221610e-01
5.765658358837181368e+03 9.958519328577184471e-01
5.765678358346562163e+03 9.944919453534178944e-01
5.765698357855941140e+03 9.922179032321959413e-01
5.765718457362867412e+03 9.894689140055341614e-01
5.765738456872245479e+03 9.881626719592422337e-01
5.765758456381623546e+03 9.850551989751559212e-01
5.765778455891004342e+03 9.807110479162138850e-01
5.765798455400384228e+03 9.783114930998531023e-01
5.765818554907308680e+03 9.750695689502228980e-01
5.765838554416685838e+03 9.751254145183519961e-01
5.765858553926065724e+03 9.761311703779420590e-01
5.765878553435446520e+03 9.764737843311086518e-01
5.765898552944823678e+03 9.779813887386215043e-01
5.765918652451747221e+03 9.785659782582015742e-01
5.765938651961128926e+03 9.787024852275753029e-01
5.765958651470505174e+03 9.785701474256219834e-01
5.765978650979885060e+03 9.771563102022304825e-01
5.765998650489264946e+03 9.778036233170168678e-01
5.766018749996188490e+03 9.801178013650149179e-01
5.766038749505568376e+03 9.821362464478735621e-01
5.766058749014947352e+03 9.827746126642393776e-01
5.766078748524327239e+03 9.836370222336706659e-01
5.766098748033708034e+03 9.857899123436425493e-01
5.766118347552896921e+03 9.859712035046587220e-01
5.766138347062277717e+03 9.856686065499754568e-01
5.766158346571653965e+03 9.865579146434088065e-01
5.766178346081033851e+03 9.881014321427089575e-01
5.766198345590412828e+03 9.890355578782374923e-01
5.766218445097339099e+03 9.901130862705024294e-01
5.766238444606718076e+03 9.900793481898327864e-01
5.766258444116097962e+03 9.922591739175095071e-01
5.766278443625476939e+03 9.929961564563514198e-01
5.766298443134853187e+03 9.951401503116548142e-01
5.766318542641781278e+03 9.880893008832645208e-01
5.766338542151158435e+03 9.808770970744173923e-01
5.766358541660539231e+03 9.893392133439550262e-01
5.766378541169917298e+03 9.954533446865764246e-01
5.766398540679295365e+03 9.949177491436340670e-01
5.766418640186223456e+03 9.974740347616873892e-01
5.766438639695600614e+03 9.969563651448252184e-01
5.766458639204978681e+03 9.968957547223614712e-01
5.766478638714358567e+03 9.980002050157745774e-01
5.766498638223735725e+03 9.993645587734792946e-01
5.766518737730665634e+03 9.997789521227481435e-01
5.766538737240041883e+03 9.996197644215517597e-01
5.766558736749419040e+03 1.000455367357701464e+00
5.766578736258800745e+03 1.001299935941761143e+00
5.766598735768179722e+03 1.000181803339691644e+00
