5.768358492598427802e+03 1.000055419885079289e+00
5.768378492107807688e+03 9.994363924204051619e-01
5.768398491617186664e+03 9.990396486032175893e-01
5.768418591124110208e+03 9.987228586525325191e-01
5.768438590633491003e+03 9.981661102171323074e-01
5.768458590142868161e+03 9.981961338085708624e-01
5.768478589652248957e+03 9.989995963224527209e-01
5.768498589161627024e+03 9.979894792011835269e-01
5.768518688668552386e+03 9.984372553478888523e-01
5.768538688177932272e+03 9.980138976942244389e-01
5.768558687687310339e+03 9.998485099638532159e-01
5.768578687196688406e+03 9.978428189904006151e-01
5.768598686706069202e+03 9.969483535707400756e-01
5.768618286225258998e+03 9.969609018187569616e-01
5.768638285734638885e+03 9.966620436640034608e-01
5.768658285244016952e+03 9.966120850437900636e-01
5.768678284753396838e+03 9.959132434806171608e-01
5.768698284262774905e+03 9.943433296009055455e-01
5.768718383769701177e+03 9.951999693611012221e-01
5.768738383279080153e+03 9.944478481921187329e-01
5.768758382788460949e+03 9.917047664817201236e-01
5.768778382297838107e+03 9.907216249205059722e-01
5.768798381807217993e+03 9.906450937167039505e-01
5.768818481314141536e+03 9.896441487227694012e-01
5.768838480823520513e+03 9.903319862898808390e-01
5.768858480332901308e+03 9.904332177653261127e-01
5.768878479842280285e+03 9.924452681675415278e-01
5.768898479351656533e+03 9.915688507752818959e-01
5.768918578858583714e+03 9.892526469766388386e-01
5.768938578367963601e+03 9.876297800874612731e-01
5.768958577877342577e+03 9.879709935550027300e-01
5.768978577386722463e+03 9.904361664667924448e-01
5.768998576896099621e+03 9.937543983722419982e-01
5.769018676403025893e+03 9.942998298658558554e-01
5.769038675912403960e+03 9.933523830119206366e-01
5.769058675421784756e+03 9.907343230032553683e-01
5.769078674931161913e+03 9.921062685458119645e-01
5.769098674440540890e+03 9.918075821908388656e-01
5.769118273959733415e+03 9.931708737004415477e-01
5.769138273469112391e+03 9.952269377050358967e-01
5.769158272978489549e+03 9.960389378193719168e-01
5.769178272487869435e+03 9.963622055447848291e-01
5.769198271997249321e+03 9.974762726824770720e-01
5.769218371504173774e+03 9.984125284008626977e-01
5.769238371013552751e+03 1.000948171173844159e+00
5.769258370522931727e+03 9.994854436297831990e-01
5.769278370032309795e+03 9.989912208752897982e-01
5.769298369541688771e+03 9.993854973170022138e-01
5.769318469048615043e+03 9.997263819677142394e-01
5.769338468557992201e+03 9.996586378476577384e-01
5.769358468067373906e+03 9.998574296644718862e-01
5.769378467576751063e+03 1.001664280364183757e+00
5.769398467086130040e+03 1.000432680497421734e+00
5.769418566593054493e+03 1.002026180701512281e+00
5.769438566102436198e+03 1.000785727516553036e+00
