5.770766608586866823e+03 1.000257791481691916e+00
5.770786607361829738e+03 9.985703690805195487e-01
5.770806706130671046e+03 9.989289493957346222e-01
5.770826704905634870e+03 1.000175797230881347e+00
5.770846703680598694e+03 1.000394652573108001e+00
5.770866702455563427e+03 9.998949126706832002e-01
5.770886701230527251e+03 9.998143535679565597e-01
5.770906799999366740e+03 9.978774234196182702e-01
5.770926298804955877e+03 9.988747738366201556e-01
5.770946297579921520e+03 9.993531212317168233e-01
5.770966296354884435e+03 9.983044591472046703e-01
5.770986295129850078e+03 9.972687731432132718e-01
5.771006393898689566e+03 9.975994066635835988e-01
5.771026392673653390e+03 9.976475971640670348e-01
5.771046391448617214e+03 9.977167464848262224e-01
5.771066390223581948e+03 9.988098861821663732e-01
5.771086388998547591e+03 9.978670213325717686e-01
5.771106487767385261e+03 9.995569836935873642e-01
5.771126486542350904e+03 9.999554844224891603e-01
5.771146485317313818e+03 9.987571229299697650e-01
5.771166484092279461e+03 9.988861534590709468e-01
5.771186482867242376e+03 9.990551052928372533e-01
5.771206581636082774e+03 9.975014425071619950e-01
5.771226580411046598e+03 9.961344181933859954e-01
5.771246579186010422e+03 9.968652653308645029e-01
5.771266577960975155e+03 9.955521372869532426e-01
5.771286576735939889e+03 9.963368776161783957e-01
5.771306675504778468e+03 9.955836446905578230e-01
5.771326674279743202e+03 9.966548190954631625e-01
5.771346673054707026e+03 9.964604881710513729e-01
5.771366671829671759e+03 9.963779369652449036e-01
5.771386670604635583e+03 9.967963969233635257e-01
5.771406769373474162e+03 9.973555748452503922e-01
5.771426268179065119e+03 9.976223510148751750e-01
5.771446266954029852e+03 9.977883081636217399e-01
5.771466265728994586e+03 9.970799933218813527e-01
5.771486264503957500e+03 9.981361901863182728e-01
5.771506363272796989e+03 9.964158745025145647e-01
5.771526362047760813e+03 9.956636490804755546e-01
5.771546360822726456e+03 9.949563358311259709e-01
5.771566359597687551e+03 9.946412468530285711e-01
5.771586358372655923e+03 9.941105853982008522e-01
5.771606457141493593e+03 9.939412051610728716e-01
5.771626455916456507e+03 9.945512834422864934e-01
5.771646454691421241e+03 9.949637527591901343e-01
5.771666453466385065e+03 9.959311205979592962e-01
5.771686452241350707e+03 9.974753421918977070e-01
5.771706551010189287e+03 9.956652176788899355e-01
5.771726549785154930e+03 9.958082202230197355e-01
5.771746548560116935e+03 9.954162853923076426e-01
5.771766547335084397e+03 9.943377158409217875e-01
5.771786546110045492e+03 9.939837072284436470e-01
5.771806644878885891e+03 9.946706251917003527e-01
5.771826643653849715e+03 9.950501573394798793e-01
5.771846642428814448e+03 9.939446447929108919e-01
5.771866641203778272e+03 9.941545147453881848e-01
5.771886639978743915e+03 9.956707822660170182e-01
5.771906738747581585e+03 9.947439121469706658e-01
5.771926237553174360e+03 9.930056819807328017e-01
5.771946236328136365e+03 9.948582764738232997e-01
5.771966235103101099e+03 9.961110647460946765e-01
5.771986233878065832e+03 9.955065572926498074e-01
5.772006332646905321e+03 9.945846806561182696e-01
5.772026331421868235e+03 9.943773820099722771e-01
5.772046330196832059e+03 9.932618978226922524e-01
5.772066328971797702e+03 9.929168756411531627e-01
5.772086327746760617e+03 9.913972020810080110e-01
5.772106426515600106e+03 9.926739351413722545e-01
5.772126425290563930e+03 9.913568586665794102e-01
5.772146424065527754e+03 9.906934759461182294e-01
5.772166422840493397e+03 9.909233060902461476e-01
5.772186421615455401e+03 9.906102231372398981e-01
5.772206520384298528e+03 9.903011290994028215e-01
5.772226519159262352e+03 9.900159910496567628e-01
5.772246517934227086e+03 9.901200731307501224e-01
5.772266516709190910e+03 9.924337238883472745e-01
5.772286515484153824e+03 9.939489730621927643e-01
5.772306614252996042e+03 9.910101553100071348e-01
5.772326613027957137e+03 9.911571502479711304e-01
5.772346611802923690e+03 9.902183256523194865e-01
5.772366610577886604e+03 9.833015123978774419e-01
5.772386609352852247e+03 9.843127755922866928e-01
5.772406708121689917e+03 9.909547135007079621e-01
5.772426206927279964e+03 9.917703809116038549e-01
5.772446205702245607e+03 9.908605010170014049e-01
5.772466204477207611e+03 9.924545829498920835e-01
5.772486203252174164e+03 9.915257420531545796e-01
5.772506302021013653e+03 9.911946949638331672e-01
5.772526300795976567e+03 9.929115259313257003e-01
5.772546299570942210e+03 9.916792981891809911e-01
5.772566298345906034e+03 9.911815912850309163e-01
5.772586297120870768e+03 9.921060167934181440e-01
5.772606395889707528e+03 9.941042708428933228e-01
5.772626394664674990e+03 9.955356696948765016e-01
5.772646393439637905e+03 9.951976390803622952e-01
5.772666392214601728e+03 9.940602235315424418e-01
5.772686390989565552e+03 9.928110354523911329e-01
5.772706489758404132e+03 9.942913287623442731e-01
5.772726488533367956e+03 9.937986127910121148e-01
5.772746487308333599e+03 9.925973307062250228e-01
5.772766486083299242e+03 9.920018246452068089e-01
5.772786484858262156e+03 9.935539724301594156e-01
5.772806583627101645e+03 9.945033349490569607e-01
5.772826582402065469e+03 9.938249965971100996e-01
5.772846581177030203e+03 9.936396602876887973e-01
5.772866579951993117e+03 9.940002177528778349e-01
5.772886578726959669e+03 9.940404242692111314e-01
5.772906677495797339e+03 9.968460179181173331e-01
5.772926176301389205e+03 9.951727170386199806e-01
5.772946175076352120e+03 9.940502825659045527e-01
5.772966173851317762e+03 9.952990349864035968e-01
5.772986172626280677e+03 9.975956571621211744e-01
5.773006271395121985e+03 9.983414237277328240e-01
5.773026270170085809e+03 9.975503167479851108e-01
5.773046268945048723e+03 9.976853277576684942e-01
5.773066267720013457e+03 9.989380650174660703e-01
5.773086266494978190e+03 9.978006639681351597e-01
5.773106365263816770e+03 9.981482382704977008e-01
5.773126364038782413e+03 9.962414061818932742e-01
5.773146362813746236e+03 9.980769537390536961e-01
5.773166361588710970e+03 9.978197630021452547e-01
5.773186360363672975e+03 9.978120640755204773e-01
5.773206459132514283e+03 9.985937519409744390e-01
5.773226457907477197e+03 9.986129975187671981e-01
5.773246456682441931e+03 9.982729761753099673e-01
5.773266455457407574e+03 9.990007756196301880e-01
5.773286454232369579e+03 9.986807137385640409e-01
5.773306553001209977e+03 9.991789771529635544e-01
5.773326551776174711e+03 9.988988340431270707e-01
5.773346550551138535e+03 9.992074877609148364e-01
5.773366549326102358e+03 9.979583265369351697e-01
5.773386548101067092e+03 9.999046305767124165e-01
5.773406646869907490e+03 1.000053606091579672e+00
5.773426145675496628e+03 9.986757283268008489e-01
5.773446144450461361e+03 9.977089927411113557e-01
5.773466143225424275e+03 9.974707662562340982e-01
5.773486142000389009e+03 9.978951822763511004e-01
5.773506240769228498e+03 9.996009675038338704e-01
5.773526239544192322e+03 1.000149127653500392e+00
5.773546238319158874e+03 9.979120004346926365e-01
5.773566237094120879e+03 9.970171221317328802e-01
5.773586235869086522e+03 9.986999538118725983e-01
5.773606334637926011e+03 9.989686832713819964e-01
5.773626333412888016e+03 9.977634436810535190e-01
5.773646332187850930e+03 9.972078708432290384e-01
5.773666330962817483e+03 9.969017859628814815e-01
5.773686329737781307e+03 9.968990776928905451e-01
5.773706428506619886e+03 9.984860957663052039e-01
5.773726427281586439e+03 9.979285281288894360e-01
5.773746426056548444e+03 9.997720188352762216e-01
5.773766424831512268e+03 1.001647441154089213e+00
5.773786423606477911e+03 1.001367300997603849e+00
5.773806522375318309e+03 1.001087157669779959e+00
5.773826521150280314e+03 9.996494045352561919e-01
5.773846519925245957e+03 1.001135624132921453e+00
5.773866518700210690e+03 1.001294579421937891e+00
5.773886517475174514e+03 9.990185589783956432e-01
