5.777565375900592699e+03 9.999830802545378594e-01
5.777585375433886838e+03 1.004431264162697568e+00
5.777604874978847874e+03 1.002618101599856981e+00
5.777624974509811182e+03 1.002086048525748785e+00
5.777644974043106231e+03 1.004572558629613033e+00
5.777664973576399461e+03 1.004167790158358331e+00
5.777684973109694511e+03 1.003457586659736611e+00
5.777704972642991379e+03 1.004425304880088854e+00
5.777725072173952867e+03 1.001238236781753832e+00
5.777745071707244279e+03 1.004249985758455921e+00
5.777765071240542056e+03 9.994664832119380948e-01
5.777785070773836196e+03 1.000509382566840078e+00
5.777805070307131245e+03 9.986207929038463105e-01
5.777825169838093643e+03 9.931810283532769290e-01
5.777845169371388693e+03 9.971737763136513388e-01
5.777865168904681013e+03 1.001555607727790953e+00
5.777885168437977882e+03 1.000433037831592431e+00
5.777905167971272022e+03 9.990993715324636426e-01
5.777925267502234419e+03 9.986340882852915435e-01
5.777945267035529469e+03 9.962586080328570404e-01
5.777965266568822699e+03 9.969395037395454295e-01
5.777985266102119567e+03 1.000976361353371757e+00
5.778005265635413707e+03 1.002008720765890981e+00
5.778025365166376105e+03 9.979016333945230910e-01
5.778045364699671154e+03 9.967191939083932528e-01
5.778065364232966203e+03 1.000388643399660049e+00
5.778085363766260343e+03 9.978362103593855226e-01
5.778104863311223198e+03 1.001347635932824831e+00
5.778124962842183777e+03 1.005850231497077196e+00
5.778144962375479736e+03 1.002800800946352044e+00
5.778164961908772966e+03 1.000000488256866937e+00
5.778184961442070744e+03 9.989123949026046390e-01
5.778204960975363065e+03 9.986216642081097161e-01
5.778225060506325462e+03 1.000121663536505112e+00
5.778245060039621421e+03 1.001021727964404917e+00
5.778265059572914652e+03 1.000051133762105859e+00
5.778285059106209701e+03 9.967744392386594932e-01
5.778305058639507479e+03 9.971589787977586106e-01
5.778325158170466239e+03 9.964978692586844433e-01
5.778345157703761288e+03 9.946282589124002538e-01
5.778365157237057247e+03 9.966482592012680941e-01
5.778385156770350477e+03 9.953131121182563490e-01
5.778405156303646436e+03 9.966674168645691667e-01
5.778425255834607015e+03 9.930787610946995025e-01
5.778445255367902973e+03 9.923813429966701349e-01
5.778465254901199842e+03 9.909393277199445293e-01
5.778485254434493982e+03 9.903593098792951022e-01
5.778505253967788121e+03 9.907534500080178441e-01
5.778525353498749610e+03 9.894192245412225528e-01
5.778545353032045568e+03 9.898648825122147166e-01
5.778565352565338799e+03 9.872064951842354219e-01
5.778585352098632939e+03 9.917390315220279140e-01
5.778604851643597613e+03 9.909555034916052163e-01
5.778624951174559101e+03 9.904081712743284527e-01
5.778644950707853241e+03 9.881344430546372681e-01
5.778664950241150109e+03 9.897732860150718626e-01
5.778684949774444249e+03 9.879585825389890497e-01
5.778704949307738389e+03 9.864951119686866665e-01
5.778725048838699877e+03 9.847601185874825802e-01
5.778745048371992198e+03 9.815850625625169856e-01
5.778765047905291794e+03 9.796454427778124030e-01
5.778785047438585025e+03 9.803160042686824838e-01
5.778805046971880074e+03 9.813979974686215524e-01
5.778825146502842472e+03 9.795192698693531153e-01
5.778845146036134793e+03 9.748217606267990387e-01
5.778865145569431661e+03 9.793310667523611457e-01
5.778885145102725801e+03 9.751112651285810395e-01
5.778905144636021760e+03 9.757070812915171754e-01
5.778925244166983248e+03 9.729509492872695509e-01
5.778945243700277388e+03 9.733412054935133284e-01
5.778965243233573347e+03 9.690299728679955260e-01
5.778985242766866577e+03 9.678503932457139802e-01
5.779005242300160717e+03 9.666663512797708524e-01
5.779025341831124024e+03 9.678368460230269976e-01
5.779045341364418164e+03 9.629950628461787510e-01
5.779065340897714123e+03 9.584484324307194214e-01
5.779085340431009172e+03 9.567098134748920346e-01
5.779104839975971117e+03 9.541469486457316851e-01
5.779124939506933515e+03 9.510496056596451364e-01
5.779144939040227655e+03 9.514554754102719780e-01
5.779164938573522704e+03 9.475842527776041635e-01
5.779184938106818663e+03 9.470425883411349721e-01
5.779204937640110074e+03 9.434572187210699123e-01
5.779225037171074291e+03 9.411184227490179133e-01
5.779245036704368431e+03 9.388084665951512697e-01
5.779265036237664390e+03 9.393272217480024278e-01
5.779285035770959439e+03 9.337371111673485879e-01
5.779305035304254488e+03 9.287546166202593767e-01
5.779325134835215977e+03 9.259422491519639919e-01
5.779345134368510116e+03 9.249923295749521435e-01
5.779365133901805166e+03 9.230722401325148763e-01
5.779385133435100215e+03 9.198370528274529834e-01
5.779405132968394355e+03 9.185614306211018487e-01
5.779425232499355843e+03 9.188386899093544669e-01
5.779445232032649983e+03 9.167146390370844999e-01
5.779465231565945032e+03 9.168432045210727077e-01
5.779485231099240991e+03 9.177177650095621475e-01
5.779505230632536041e+03 9.129649023312591538e-01
5.779525330163498438e+03 9.126038762093635626e-01
5.779545329696791669e+03 9.110033958072460969e-01
5.779565329230087627e+03 9.062477344303172533e-01
5.779585328763382677e+03 9.062466671646147720e-01
5.779604828308345532e+03 9.048355862114484394e-01
5.779624927839306110e+03 9.016050568196410930e-01
5.779644927372602069e+03 9.002625215069570697e-01
5.779664926905896209e+03 8.990134025049478783e-01
5.779684926439192168e+03 8.972241210954795543e-01
5.779704925972489036e+03 8.973635989410920777e-01
5.779725025503447796e+03 8.964639976712650560e-01
5.779745025036743755e+03 8.965709184418404476e-01
5.779765024570036985e+03 8.976604125607982043e-01
5.779785024103332944e+03 8.993969568146946703e-01
5.779805023636628903e+03 8.963654415255766228e-01
5.779825123167587662e+03 8.932735453428857220e-01
5.779845122700883621e+03 8.921331149631234192e-01
5.779865122234180490e+03 8.926174018415433675e-01
5.779885121767473720e+03 8.916680611155995972e-01
5.779905121300770588e+03 8.870888103605519825e-01
5.779925220831731167e+03 8.875730240037741359e-01
5.779945220365024397e+03 8.872851266863741593e-01
5.779965219898318537e+03 8.887001726850020100e-01
5.779985219431613586e+03 8.858906819041809655e-01
5.780005218964911364e+03 8.850354811227030272e-01
5.780025318495871943e+03 8.856219980950963411e-01
5.780045318029166083e+03 8.828181785482610566e-01
5.780065317562462951e+03 8.785638520332474943e-01
5.780085317095755272e+03 8.777189042895061633e-01
5.780104816640719037e+03 8.774944726352509328e-01
5.780124916171681434e+03 8.769283461628830656e-01
5.780144915704975574e+03 8.761628003167662992e-01
5.780164915238271533e+03 8.745699386129517361e-01
5.780184914771565673e+03 8.729494697385712376e-01
5.780204914304859813e+03 8.720496941674436009e-01
5.780225013835822210e+03 8.715818988365318098e-01
5.780245013369116350e+03 8.746787905144435271e-01
5.780265012902412309e+03 8.734677837552254909e-01
5.780285012435708268e+03 8.715321936069495568e-01
5.780305011968999679e+03 8.714552376301858416e-01
5.780325111499964805e+03 8.723812996394912922e-01
5.780345111033258945e+03 8.721417116383842760e-01
5.780365110566552175e+03 8.710104230107071910e-01
5.780385110099849044e+03 8.719413093536138026e-01
5.780405109633142274e+03 8.740608133151112069e-01
5.780425209164102853e+03 8.749630215491026597e-01
5.780445208697399721e+03 8.749647427157472013e-01
5.780465208230695680e+03 8.770509224241522794e-01
5.780485207763988001e+03 8.770663862622101181e-01
5.780505207297283050e+03 8.757218511808345651e-01
5.780525306828245448e+03 8.800023214841045105e-01
5.780545306361539588e+03 8.779523637492940846e-01
5.780565305894836456e+03 8.805431650819873779e-01
5.780585305428130596e+03 8.823864719974681137e-01
5.780604804973093451e+03 8.838463176521691445e-01
5.780624904504054030e+03 8.864633656875637868e-01
5.780644904037349988e+03 8.879392053080478187e-01
5.780664903570643219e+03 8.871327122178668256e-01
5.780684903103938268e+03 8.891137704265273944e-01
5.780704902637234227e+03 8.924115420039396840e-01
5.780725002168195715e+03 8.956016842116407695e-01
5.780745001701490764e+03 8.994083421006608958e-01
5.780765001234784904e+03 9.005716305070948779e-01
5.780785000768079954e+03 9.025506339526309096e-01
5.780805000301375912e+03 9.051597169650942298e-01
5.780825099832338310e+03 9.074712955300040518e-01
5.780845099365631540e+03 9.069742505616934514e-01
5.780865098898927499e+03 9.065050993161208881e-01
5.780885098432220730e+03 9.083251594882951752e-01
5.780905097965515779e+03 9.109186866645864189e-01
5.780925197496479086e+03 9.100041406381320641e-01
5.780945197029775045e+03 9.103780302247367340e-01
5.780965196563068275e+03 9.117987383511775290e-01
5.780985196096366053e+03 9.162484082280628606e-01
5.781005195629659283e+03 9.211650682670986523e-01
5.781025295160621681e+03 9.226257268726301142e-01
5.781045294693915821e+03 9.239939223255340117e-01
5.781065294227210870e+03 9.238616962152269574e-01
5.781085293760504101e+03 9.239795021650900608e-01
5.781104793305467865e+03 9.262612429459948782e-01
5.781124892836428444e+03 9.285864325407122699e-01
5.781144892369725312e+03 9.287547080154168189e-01
5.781164891903019452e+03 9.299550345086112779e-01
5.781184891436313592e+03 9.319141022449036749e-01
5.781204890969608641e+03 9.352286389620814155e-01
5.781224990500568310e+03 9.340216615271557110e-01
5.781244990033866088e+03 9.360538804900789822e-01
5.781264989567161138e+03 9.386547562106428710e-01
5.781284989100455277e+03 9.427400311138285360e-01
5.781304988633751236e+03 9.439106416960577617e-01
5.781325088164710905e+03 9.432769193302610322e-01
5.781345087698006864e+03 9.444149061795892308e-01
5.781365087231300095e+03 9.452659999809098768e-01
5.781385086764597872e+03 9.452939288706757592e-01
5.781405086297889284e+03 9.456917157469446611e-01
5.781425185828852591e+03 9.475914508795866276e-01
5.781445185362148550e+03 9.503094444630820758e-01
5.781465184895440871e+03 9.505865141272463736e-01
5.781485184428736829e+03 9.509236172024787548e-01
5.781505183962033698e+03 9.524390797366292238e-01
5.781525283492992457e+03 9.517497175274656218e-01
5.781545283026288416e+03 9.537915714558775626e-01
5.781565282559584375e+03 9.545117393846701548e-01
5.781585282092878515e+03 9.570842502981942168e-01
5.781604781637843189e+03 9.585036087478807643e-01
5.781624881168802858e+03 9.594536970944388399e-01
5.781644880702096998e+03 9.604086582157463914e-01
5.781664880235392047e+03 9.634184667760982146e-01
5.781684879768688006e+03 9.654626684520121183e-01
5.781704879301982146e+03 9.637665802714963093e-01
5.781724978832944544e+03 9.651820866442570868e-01
5.781744978366238684e+03 9.624799499111669210e-01
5.781764977899536461e+03 9.664345353053696019e-01
5.781784977432827873e+03 9.687083572672806620e-01
5.781804976966123832e+03 9.684895873061468707e-01
5.781825076497085320e+03 9.705547415854731685e-01
5.781845076030380369e+03 9.714848256857615549e-01
5.781865075563675418e+03 9.703661499204869756e-01
5.781885075096972287e+03 9.699719987679238375e-01
5.781905074630265517e+03 9.706896863076133197e-01
5.781925174161224277e+03 9.727306803813158265e-01
5.781945173694522964e+03 9.746056984323344663e-01
5.781965173227815285e+03 9.771814026656328034e-01
5.781985172761112153e+03 9.783501392734433866e-01
5.782005172294406293e+03 9.783658899610033766e-01
5.782025271825367781e+03 9.799350230902491576e-01
5.782045271358662831e+03 9.773642453233586380e-01
5.782065270891959699e+03 9.781545454847762056e-01
5.782085270425252020e+03 9.790691646178621976e-01
5.782104769970215784e+03 9.779946307229731017e-01
5.782124869501178182e+03 9.807521628725768270e-01
5.782144869034471412e+03 9.844174775228557994e-01
5.782164868567766462e+03 9.843451407092286276e-01
5.782184868101063330e+03 9.827938092964744188e-01
5.782204867634358379e+03 9.829934471956378594e-01
5.782224967165319867e+03 9.824509430718905145e-01
5.782244966698611279e+03 9.840923458287268444e-01
5.782264966231907238e+03 9.858025502918171812e-01
5.782284965765203196e+03 9.860525177652152973e-01
5.782304965298496427e+03 9.871820125863275397e-01
5.782325064829458825e+03 9.861328663803715644e-01
5.782345064362753874e+03 9.863505111557846483e-01
5.782365063896049833e+03 9.885661984751790143e-01
5.782385063429344882e+03 9.893083890340331754e-01
5.782405062962639931e+03 9.879146277948150923e-01
5.782425162493600510e+03 9.892454553068176226e-01
5.782445162026897378e+03 9.889472827422259860e-01
5.782465161560189699e+03 9.890771356021215155e-01
5.782485161093487477e+03 9.871915291248615221e-01
5.782505160626779798e+03 9.895208171442358980e-01
5.782525260157742196e+03 9.928015996908970964e-01
5.782545259691038154e+03 9.903963367720866051e-01
5.782565259224332294e+03 9.914919766952317026e-01
5.782585258757627344e+03 9.919067082219888976e-01
5.782604758302589289e+03 9.913117433794499389e-01
5.782624857833550777e+03 9.881206473698912474e-01
5.782644857366847646e+03 9.891287409203676217e-01
5.782664856900140876e+03 9.914194576872734643e-01
5.782684856433436835e+03 9.915305869435212527e-01
5.782704855966731884e+03 9.926760318203428080e-01
5.782724955497693372e+03 9.953331376438853129e-01
5.782744955030986603e+03 9.954576866558787485e-01
5.782764954564281652e+03 9.954305519326800411e-01
5.782784954097575792e+03 9.941626550546379670e-01
5.782804953630873570e+03 9.939931932151367944e-01
5.782825053161834148e+03 9.930146728866943162e-01
5.782845052695129198e+03 9.917702921418621864e-01
5.782865052228422428e+03 9.923636609398697184e-01
5.782885051761716568e+03 9.922816927750039984e-01
5.782905051295015255e+03 9.940461368597449665e-01
5.782925150825973105e+03 9.974448142963298070e-01
5.782945150359269064e+03 9.982165802016724765e-01
5.782965149892565023e+03 9.994244354732308988e-01
5.782985149425860072e+03 9.990755878511325960e-01
5.783005148959155122e+03 9.979325544784019009e-01
5.783025248490116610e+03 1.000145031176227661e+00
5.783045248023412569e+03 9.996906388257722487e-01
5.783065247556706709e+03 9.993097634304055621e-01
5.783085247090000848e+03 9.981900581143665629e-01
5.783104746634962794e+03 9.990918946079615504e-01
5.783124846165922463e+03 9.982885828541993023e-01
5.783144845699220241e+03 9.994404329790286257e-01
5.783164845232515290e+03 1.001761979817616943e+00
5.783184844765810340e+03 1.001890330831303633e+00
5.783204844299107208e+03 1.002394796664958232e+00
5.783224943830069606e+03 1.002096078297107340e+00
5.783244943363360107e+03 9.993763192934319584e-01
5.783264942896655157e+03 9.995048356880034124e-01
