5.783318125613841403e+03 9.972476608413453070e-01
5.783338125123219470e+03 9.998924098095693935e-01
5.783358124632602085e+03 1.000252344830737883e+00
5.783378124141980152e+03 1.000425580879849452e+00
5.783398123651359128e+03 1.002323366640587965e+00
5.783418223158283581e+03 1.001180824967488503e+00
5.783438222667661648e+03 1.001611812230247978e+00
5.783458222177041534e+03 1.000140561337783396e+00
5.783478221686419602e+03 1.000909322565515014e+00
5.783498221195799488e+03 1.000833644285206381e+00
5.783518320702724850e+03 1.000304555656427175e+00
5.783538320212103827e+03 9.998022667680543929e-01
5.783558319721483713e+03 9.990333640346519273e-01
5.783578319230861780e+03 9.991443763515491794e-01
5.783598318740240757e+03 9.995131209042562581e-01
5.783617918259431463e+03 1.001277600031450721e+00
5.783637917768810439e+03 1.002712731922886791e+00
5.783657917278190325e+03 1.003170241682734609e+00
5.783677916787570211e+03 1.002205860051401887e+00
5.783697916296949188e+03 1.002005760295281211e+00
5.783718015803874550e+03 1.003485067923643337e+00
5.783738015313252617e+03 1.001578817973052038e+00
5.783758014822630685e+03 9.991928146588093806e-01
5.783778014332010571e+03 9.981753160839242911e-01
5.783798013841388638e+03 1.000561010932424555e+00
5.783818113348315819e+03 9.981928497692227342e-01
5.783838112857694796e+03 9.978062847298981852e-01
5.783858112367073772e+03 9.997475829116574397e-01
5.783878111876451840e+03 1.001333406231384560e+00
5.783898111385830816e+03 1.001186679254870260e+00
5.783918210892755269e+03 9.992629849110969964e-01
5.783938210402136065e+03 9.997559671918642143e-01
5.783958209911514132e+03 9.991384381930755731e-01
5.783978209420892199e+03 9.990539599403986948e-01
5.783998208930272085e+03 9.979922985145636138e-01
5.784018308437199266e+03 9.988404871805064422e-01
5.784038307946577333e+03 9.993334246119143227e-01
5.784058307455957220e+03 9.968949754406615238e-01
5.784078306965334377e+03 9.957979267480746577e-01
5.784098306474714263e+03 9.973745678445792295e-01
5.784117905993904969e+03 9.972550588142103933e-01
5.784137905503283037e+03 9.972150495250998725e-01
5.784157905012662013e+03 9.988448462891209578e-01
5.784177904522043718e+03 9.999327844431600276e-01
5.784197904031419966e+03 9.992621291876239153e-01
5.784218003538347148e+03 9.982983083726474360e-01
5.784238003047725215e+03 9.985513587842985705e-01
5.784258002557104192e+03 9.989020884613644125e-01
5.784278002066482259e+03 9.977430756119312072e-01
5.784298001575862145e+03 9.948879297088760731e-01
5.784318101082788417e+03 9.961621635291029175e-01
5.784338100592166484e+03 9.970901256679290947e-01
5.784358100101544551e+03 9.968725324900123974e-01
5.784378099610925346e+03 9.935559142776546615e-01
5.784398099120303414e+03 9.956382154740268664e-01
5.784418198627228776e+03 9.962907359090116266e-01
5.784438198136608662e+03 9.951675061604441375e-01
5.784458197645987639e+03 9.933606464846241879e-01
5.784478197155365706e+03 9.960642802809019924e-01
5.784498196664743773e+03 9.963084305334480861e-01
5.784518296171670045e+03 9.939155835595456789e-01
5.784538295681049931e+03 9.931565378469416894e-01
5.784558295190429817e+03 9.937913678179919330e-01
5.784578294699806065e+03 9.933874700072717889e-01
5.784598294209185042e+03 9.926018545569740281e-01
5.784617893728377567e+03 9.905117411735455679e-01
5.784637893237756543e+03 9.918567491815659665e-01
5.784657892747135520e+03 9.928377409141130316e-01
5.784677892256513587e+03 9.904100020146616723e-01
5.784697891765892564e+03 9.899352215862333715e-01
5.784717991272818836e+03 9.931263023284705449e-01
5.784737990782197812e+03 9.932284355403133702e-01
5.784757990291576789e+03 9.919991648188665190e-01
5.784777989800954856e+03 9.925628604559142421e-01
5.784797989310335652e+03 9.927005022600924322e-01
5.784818088817258285e+03 9.929356568883392908e-01
5.784838088326637262e+03 9.916177509641374010e-01
5.784858087836018058e+03 9.904951540797557463e-01
5.784878087345397944e+03 9.924521661774778902e-01
5.784898086854773283e+03 9.913384756445579038e-01
5.784918186361701373e+03 9.873227916051260378e-01
5.784938185871079440e+03 9.889336494290665858e-01
5.784958185380458417e+03 9.887873801968265486e-01
5.784978184889837394e+03 9.878957167863132716e-01
5.784998184399218189e+03 9.888764274839777491e-01
5.785018283906143552e+03 9.890672497105905681e-01
5.785038283415519800e+03 9.913877478742727511e-01
5.785058282924899686e+03 9.913834094911040395e-01
5.785078282434278663e+03 9.897021065333397871e-01
5.785098281943658549e+03 9.913569884974019475e-01
5.785117881462850164e+03 9.924089134150597680e-01
5.785137880972230960e+03 9.927594429319634983e-01
5.785157880481605389e+03 9.915396052499569901e-01
5.785177879990988004e+03 9.917127018975582242e-01
5.785197879500366071e+03 9.927285975967948817e-01
5.785217979007291433e+03 9.926886349960069023e-01
5.785237978516670410e+03 9.906882380961317125e-01
5.785257978026048477e+03 9.926355498396797206e-01
5.785277977535428363e+03 9.939174607108269832e-01
5.785297977044806430e+03 9.936913024889530988e-01
5.785318076551733611e+03 9.940061420146253379e-01
5.785338076061111678e+03 9.955274341683211237e-01
5.785358075570487927e+03 9.964632343595001274e-01
5.785378075079870541e+03 9.958467660125306375e-01
5.785398074589248608e+03 9.957270268570995730e-01
5.785418174096173971e+03 9.974254242609853494e-01
5.785438173605552947e+03 9.988843866055123755e-01
5.785458173114930105e+03 9.989064935386769983e-01
5.785478172624309082e+03 9.980151049659673479e-01
5.785498172133688058e+03 9.989861796449609477e-01
5.785518271640615239e+03 1.001118871409045097e+00
5.785538271149993307e+03 9.998638939078126064e-01
5.785558270659374102e+03 9.996820112813062931e-01
5.785578270168752169e+03 1.001193904328001372e+00
5.785598269678132056e+03 9.999478771169287850e-01
5.785617869197320942e+03 9.981259625171711170e-01
5.785637868706699919e+03 9.963214186512637793e-01
5.785657868216077986e+03 9.980726650595912464e-01
5.785677867725460601e+03 9.995223587505900342e-01
5.785697867234838668e+03 1.001007454915943118e+00
5.785717966741764940e+03 9.996373561652428519e-01
5.785737966251141188e+03 1.000723399576930461e+00
5.785757965760522893e+03 1.001046908563639093e+00
5.785777965269900960e+03 1.000350822299594267e+00
5.785797964779278118e+03 9.998764102812914834e-01
5.785818064286203480e+03 1.001325727534280619e+00
5.785838063795583366e+03 1.002172249315182118e+00
5.785858063304962343e+03 1.004720838870476030e+00
5.785878062814342229e+03 1.004095668626147075e+00
5.785898062323718477e+03 1.003328690559325276e+00
5.785918161830644749e+03 1.002384344467947219e+00
5.785938161340025545e+03 9.986478844883737160e-01
5.785958160849402702e+03 9.979076717913351047e-01
5.785978160358781679e+03 9.995607579836953693e-01
5.785998159868162475e+03 9.995030669871267648e-01
5.786018259375089656e+03 9.981511889456388120e-01
5.786038258884466813e+03 9.992280416128908049e-01
5.786058258393845790e+03 9.997553307466627848e-01
5.786078257903225676e+03 1.000256007695107918e+00
5.786098257412603743e+03 9.997019936719412359e-01
5.786117856931794449e+03 1.000938688102103846e+00
5.786137856441174335e+03 1.001962186021865486e+00
5.786157855950553312e+03 1.002117145314552538e+00
5.786177855459930470e+03 1.002626577027624366e+00
5.786197854969310356e+03 1.001159808874775958e+00
5.786217954476236628e+03 1.002262854265742575e+00
5.786237953985615604e+03 1.003507744259909185e+00
5.786257953494994581e+03 1.001332159813292488e+00
5.786277953004372648e+03 1.001930162981704786e+00
5.786297952513749806e+03 1.000809145356431396e+00
5.786318052020676987e+03 1.002629785007728147e+00
5.786338051530055964e+03 1.001517662511802076e+00
5.786358051039433121e+03 9.996436121135892083e-01
5.786378050548813007e+03 1.000737747419296664e+00
5.786398050058191984e+03 9.989966951442135201e-01
5.786418149565117346e+03 9.977251690011704754e-01
5.786438149074497233e+03 9.982611311964272316e-01
