5.791998012681830005e+03 9.992743473220148109e-01
5.792018112188757186e+03 1.001427625826366796e+00
5.792038111698135253e+03 1.001838638789342095e+00
5.792058111207515140e+03 9.992703592156951808e-01
5.792078110716891388e+03 9.999339827494696520e-01
5.792098110226273093e+03 1.001007083950514742e+00
5.792117709745463799e+03 1.001783640098993233e+00
5.792137709254840956e+03 9.986750156755106467e-01
5.792157708764219024e+03 9.976223641993463565e-01
5.792177708273599819e+03 9.993053711696205932e-01
5.792197707782977886e+03 1.000352423479321518e+00
5.792217807289905068e+03 9.990820196641474471e-01
5.792237806799281316e+03 9.982819698329382652e-01
5.792257806308663021e+03 9.974208979518728313e-01
5.792277805818041088e+03 9.994613033197566887e-01
5.792297805327421884e+03 9.972496425019676813e-01
5.792317904834346336e+03 9.956915101591384820e-01
5.792337904343724404e+03 9.989606361042926430e-01
5.792357903853101561e+03 9.985700455588574220e-01
5.792377903362483266e+03 9.978657334862773842e-01
5.792397902871861334e+03 9.981461032928321542e-01
5.792418002378788515e+03 9.962392632326035891e-01
5.792438001888166582e+03 9.959531656252145204e-01
5.792458001397544649e+03 9.960243611125514374e-01
5.792478000906922716e+03 9.956685291072344679e-01
5.792498000416304421e+03 9.954956998203541296e-01
5.792518099923228874e+03 9.945647332209585079e-01
5.792538099432606941e+03 9.950368154774006380e-01
5.792558098941986827e+03 9.922492953641692814e-01
5.792578098451364895e+03 9.912571091220001573e-01
5.792598097960743871e+03 9.904740665044550196e-01
5.792617697479935487e+03 9.885226668486655210e-01
5.792637696989313554e+03 9.876523804160889375e-01
5.792657696498692530e+03 9.889001426088029900e-01
5.792677696008071507e+03 9.875852859096384551e-01
5.792697695517452303e+03 9.887895103662803775e-01
5.792717795024378574e+03 9.871957548552380279e-01
5.792737794533756642e+03 9.846604035452585224e-01
5.792757794043134709e+03 9.819244598963898785e-01
5.792777793552512776e+03 9.827799727304430411e-01
5.792797793061893572e+03 9.820053369341513738e-01
5.792817892568818024e+03 9.805769363673535466e-01
5.792837892078197910e+03 9.818422122758613257e-01
5.792857891587575978e+03 9.817126492539544058e-01
5.792877891096956773e+03 9.830128673566950193e-01
5.792897890606334840e+03 9.812529854619722602e-01
5.792917990113259293e+03 9.791095138258569808e-01
5.792937989622638270e+03 9.795814792472911092e-01
5.792957989132017246e+03 9.819454575665399476e-01
5.792977988641396223e+03 9.817897238462709453e-01
5.792997988150774290e+03 9.820350674011372183e-01
5.793018087657699652e+03 9.809202918521993109e-01
5.793038087167078629e+03 9.825694730461720372e-01
5.793058086676459425e+03 9.826142919196384495e-01
5.793078086185838401e+03 9.824672753198302466e-01
5.793098085695219197e+03 9.792159218420990463e-01
5.793117685214408084e+03 9.807165795835069977e-01
5.793137684723786151e+03 9.820258182361676358e-01
5.793157684233166037e+03 9.794370318668517150e-01
5.793177683742545014e+03 9.791504093290431809e-01
5.793197683251923081e+03 9.802765544690241750e-01
5.793217782758849353e+03 9.817516763579826611e-01
5.793237782268226510e+03 9.809069249905235655e-01
5.793257781777608216e+03 9.809953262697989063e-01
5.793277781286986283e+03 9.809877940637889981e-01
5.793297780796366169e+03 9.834572200319491309e-01
5.793317880303290622e+03 9.842696814958425966e-01
5.793337879812668689e+03 9.868788158628124529e-01
5.793357879322049484e+03 9.854322341277124142e-01
5.793377878831425733e+03 9.887741667247889055e-01
5.793397878340806528e+03 9.903891683111279987e-01
5.793417977847730072e+03 9.883844127824794601e-01
5.793437977357109958e+03 9.901041423718891510e-01
5.793457976866490753e+03 9.896344610944893816e-01
5.793477976375868820e+03 9.937880461485714134e-01
5.793497975885247797e+03 9.954120192194637617e-01
5.793518075392173159e+03 9.935031269354486216e-01
5.793538074901551227e+03 9.959122870161845054e-01
5.793558074410932022e+03 1.000188440602570505e+00
5.793578073920310999e+03 9.993524882262438958e-01
5.793598073429691794e+03 9.973823614591535991e-01
5.793617672948880681e+03 1.000480620424061051e+00
5.793637672458256020e+03 9.992432988255320891e-01
5.793657671967638635e+03 9.998381101471078836e-01
5.793677671477017611e+03 9.987228767246753014e-01
5.793697670986396588e+03 9.992915255023390175e-01
5.793717770493321950e+03 9.999300920545652893e-01
5.793737770002700017e+03 9.998705613462379738e-01
5.793757769512079904e+03 9.980048504479283045e-01
5.793777769021458880e+03 9.982419531583425210e-01
5.793797768530838766e+03 9.993167442508243958e-01
5.793817868037763219e+03 9.996325095423447271e-01
5.793837867547142196e+03 9.990144925861583758e-01
5.793857867056520263e+03 9.975587246832439137e-01
5.793877866565899240e+03 9.995498657352736016e-01
5.793897866075279126e+03 9.996910308311348636e-01
5.793917965582204488e+03 1.001342036805822344e+00
5.793937965091585284e+03 1.002434483026763745e+00
5.793957964600960622e+03 9.999924723484073796e-01
5.793977964110340508e+03 1.001015115602488681e+00
5.793997963619719485e+03 1.002814544013609588e+00
5.794018063126646666e+03 1.000931065891206950e+00
