5.795897817013168606e+03 1.002043768036531723e+00
5.795917916520093968e+03 1.001785913855576027e+00
5.795937916029473854e+03 1.000023141121811898e+00
5.795957915538851921e+03 9.978227377949187016e-01
5.795977915048230898e+03 9.991389708969080630e-01
5.795997914557610784e+03 9.994317261934578811e-01
5.796018014064537056e+03 9.995848504657761646e-01
5.796038013573914213e+03 9.974100917159099966e-01
5.796058013083292280e+03 9.977902987480764541e-01
5.796078012592673076e+03 9.984856064877811743e-01
5.796098012102052962e+03 1.001570301071283309e+00
5.796117611621241849e+03 1.000155268293692279e+00
5.796137611130622645e+03 9.989776939896726216e-01
5.796157610639998893e+03 9.999796381580494664e-01
5.796177610149379689e+03 9.994847312420291896e-01
5.796197609658758665e+03 9.978078543119796029e-01
5.796217709165684028e+03 9.952905623931802559e-01
5.796237708675062095e+03 9.936219465273763429e-01
5.796257708184441981e+03 9.913313954761077129e-01
5.796277707693819139e+03 9.911860445886132576e-01
5.796297707203199934e+03 9.890789458282845947e-01
5.796317806710125296e+03 9.882068128795348239e-01
5.796337806219506092e+03 9.865284264507664380e-01
5.796357805728880521e+03 9.825460880098690897e-01
5.796377805238264045e+03 9.775295469690697958e-01
5.796397804747639384e+03 9.694023421552007136e-01
5.796417904254564746e+03 9.647613293988733796e-01
5.796437903763946451e+03 9.572543054317484978e-01
5.796457903273324519e+03 9.482479445328946266e-01
5.796477902782701676e+03 9.368130872709108381e-01
5.796497902292082472e+03 9.251927007307917394e-01
5.796518001799010563e+03 9.134045753943661472e-01
5.796538001308385901e+03 8.985031704657950868e-01
5.796558000817765787e+03 8.826181151392349378e-01
5.796578000327145674e+03 8.660945868274169124e-01
5.796597999836522831e+03 8.486948928403917902e-01
5.796617599355715356e+03 8.298189958465403970e-01
5.796637598865095242e+03 8.141664098652355852e-01
5.796657598374472400e+03 7.965144163656315834e-01
5.796677597883851377e+03 7.822044580433985539e-01
5.796697597393232172e+03 7.740275447005813270e-01
5.796717696900157534e+03 7.710625551511046671e-01
5.796737696409534692e+03 7.716980219827170862e-01
5.796757695918913669e+03 7.725765257951021647e-01
5.796777695428293555e+03 7.771496920344227455e-01
5.796797694937672532e+03 7.775865556402551393e-01
5.796817794444598803e+03 7.810985386080357973e-01
5.796837793953978689e+03 7.856380691735737054e-01
5.796857793463354938e+03 7.968796085832361431e-01
5.796877792972734824e+03 8.036599826188297602e-01
5.796897792482113800e+03 8.009379940424938837e-01
5.796917891989040072e+03 7.964028897654257255e-01
5.796937891498418139e+03 7.916896516414202445e-01
5.796957891007797116e+03 7.931642177437469021e-01
5.796977890517177002e+03 7.966024439558946346e-01
5.796997890026554160e+03 8.049549379191539566e-01
5.797017989533479522e+03 8.135563431820533875e-01
5.797037989042859408e+03 8.232779293871410609e-01
5.797057988552237475e+03 8.353343906145720421e-01
5.797077988061616452e+03 8.469885466420462583e-01
5.797097987570996338e+03 8.591148749404537988e-01
5.797117587090187953e+03 8.696987843058677781e-01
5.797137586599566021e+03 8.764370100362719462e-01
5.797157586108944997e+03 8.854595438968182464e-01
5.797177585618323974e+03 8.961713491216918293e-01
5.797197585127702951e+03 9.045920505219949836e-01
5.797217684634629222e+03 9.109762358849912145e-01
5.797237684144008199e+03 9.119759339740510784e-01
5.797257683653387176e+03 9.128527687504265353e-01
5.797277683162765243e+03 9.129477763403788249e-01
5.797297682672146038e+03 9.134381857285406303e-01
5.797317782179069582e+03 9.166441473127565631e-01
5.797337781688446739e+03 9.212650321732872571e-01
5.797357781197828444e+03 9.282153880912293875e-01
5.797377780707206512e+03 9.310535217253411711e-01
5.797397780216587307e+03 9.354125803420285656e-01
5.797417879723510850e+03 9.431566315699564385e-01
5.797437879232890737e+03 9.484136858224695432e-01
5.797457878742266985e+03 9.522912335935062034e-01
5.797477878251647780e+03 9.542790885609825358e-01
5.797497877761025848e+03 9.569178275757774799e-01
5.797517977267953938e+03 9.632062354088422040e-01
5.797537976777333824e+03 9.673231924151007854e-01
5.797557976286710982e+03 9.688288878265040038e-01
5.797577975796088140e+03 9.703523695023926754e-01
5.797597975305468935e+03 9.704952201719668770e-01
5.797617574824658732e+03 9.719649602315343362e-01
5.797637574334039527e+03 9.730139474324088766e-01
5.797657573843417595e+03 9.728755012420220449e-01
5.797677573352797481e+03 9.741006330401195124e-01
5.797697572862176457e+03 9.786603578505485013e-01
5.797717672369100001e+03 9.842152406439833578e-01
5.797737671878478977e+03 9.864708561516172258e-01
5.797757671387857954e+03 9.872396162554412102e-01
5.797777670897236931e+03 9.894341237522999988e-01
5.797797670406615907e+03 9.899655551551630461e-01
5.797817769913543998e+03 9.924953099651524502e-01
5.797837769422919337e+03 9.943561175233492921e-01
5.797857768932301951e+03 9.958650649248442788e-01
5.797877768441679109e+03 9.995838090373612150e-01
5.797897767951057176e+03 1.001735971832642624e+00
5.797917867457983448e+03 1.002277552081989986e+00
5.797937866967362424e+03 9.999572745982888700e-01
5.797957866476742311e+03 9.986229076865159593e-01
5.797977865986122197e+03 9.984947976717483131e-01
