5.813563787022751058e+03 9.995396409876683430e-01
5.813583785797713972e+03 1.000637115356379558e+00
5.813603884566553461e+03 1.001475979258105165e+00
5.813623883341520923e+03 1.001645513017910716e+00
5.813643882116482928e+03 1.001442042808923460e+00
5.813663880891445842e+03 1.001774137887348370e+00
5.813683879666409666e+03 1.001388988959956539e+00
5.813703978435250065e+03 1.001041876439578537e+00
5.813723977210214798e+03 9.999779128615713386e-01
5.813743975985179532e+03 9.985698476334224916e-01
5.813763974760144265e+03 9.993609277897002041e-01
5.813783973535108089e+03 9.973794119615339016e-01
5.813804072303946668e+03 9.968413931438319109e-01
5.813824071078912311e+03 9.972596236234668732e-01
5.813844069853874316e+03 9.971042749734757571e-01
5.813864068628839050e+03 9.961938227829761905e-01
5.813884067403802874e+03 9.962583779656731808e-01
5.813904166172642363e+03 9.949750673016446445e-01
5.813923664978234228e+03 9.943814940562065718e-01
5.813943663753197143e+03 9.931177698756327166e-01
5.813963662528161876e+03 9.923988697616786814e-01
5.813983661303125700e+03 9.923298230563744049e-01
5.814003760071964280e+03 9.917541128886635526e-01
5.814023758846928104e+03 9.931947385835333542e-01
5.814043757621892837e+03 9.928294845300376092e-01
5.814063756396857571e+03 9.941934824789137037e-01
5.814083755171825032e+03 9.945255987049648194e-01
5.814103853940660883e+03 9.931570492719941079e-01
5.814123852715625617e+03 9.929064988235108968e-01
5.814143851490589441e+03 9.933914586025223148e-01
5.814163850265555084e+03 9.938954724832558263e-01
5.814183849040519817e+03 9.962140858110699604e-01
5.814203947809357487e+03 9.970423675386992368e-01
5.814223946584322221e+03 9.968012363246098184e-01
5.814243945359286045e+03 9.983172092452559099e-01
5.814263944134248959e+03 9.995656618454521469e-01
5.814283942909213692e+03 9.984364413577105912e-01
5.814304041678052272e+03 9.979086019420587705e-01
5.814324040453017005e+03 9.978679854556186113e-01
5.814344039227984467e+03 9.983047205402961755e-01
5.814364038002946472e+03 9.998488017739265432e-01
5.814384036777911206e+03 1.000724509317357347e+00
5.814404135546750695e+03 9.999580513186621111e-01
5.814423634352340741e+03 9.989927318092874930e-01
5.814443633127305475e+03 9.998969859241927383e-01
5.814463631902269299e+03 1.000371666176204988e+00
5.814483630677233123e+03 9.990998212781684318e-01
