5.814804011052163332e+03 1.001288167546770191e+00
5.814824009827124428e+03 1.001199128047773890e+00
5.814844008602090980e+03 1.000300739228518587e+00
5.814864007377055714e+03 1.000459315687090678e+00
5.814884006152019538e+03 1.000589313664635549e+00
5.814904104920859027e+03 9.998241255115585258e-01
5.814923603726449983e+03 1.000393332150147696e+00
5.814943602501412897e+03 1.000694665017679119e+00
5.814963601276377631e+03 1.000729436389154126e+00
5.814983600051341455e+03 1.000421539041732588e+00
5.815003698820180944e+03 9.982669269495557662e-01
5.815023697595145677e+03 9.981400197426653076e-01
5.815043696370111320e+03 9.990790334273306206e-01
5.815063695145074234e+03 9.991995287916204393e-01
5.815083693920038058e+03 9.987585644379562977e-01
5.815103792688877547e+03 9.987646236697732549e-01
5.815123791463839552e+03 9.999698384459633216e-01
5.815143790238805195e+03 9.987772490863652264e-01
5.815163789013771748e+03 9.982793126131447314e-01
5.815183787788735572e+03 9.970203356230709080e-01
5.815203886557573242e+03 9.962368917815032088e-01
5.815223885332537066e+03 9.963384599928346574e-01
5.815243884107502709e+03 9.960309940309359789e-01
5.815263882882467442e+03 9.972834796538433411e-01
5.815283881657428537e+03 9.971947557635378878e-01
5.815303980426268936e+03 9.958884134207727223e-01
5.815323979201234579e+03 9.945444165061896324e-01
5.815343977976198403e+03 9.937806525856320849e-01
5.815363976751161317e+03 9.932546988329846727e-01
5.815383975526126960e+03 9.921487617338766718e-01
5.815404074294966449e+03 9.931154993832941313e-01
5.815423573100558315e+03 9.928381253209578317e-01
5.815443571875520320e+03 9.915517378596986342e-01
5.815463570650485053e+03 9.906932911651988860e-01
5.815483569425449787e+03 9.912608920788159583e-01
5.815503668194288366e+03 9.922939736855771464e-01
5.815523666969253100e+03 9.923006156972919989e-01
5.815543665744217833e+03 9.913092376487733226e-01
5.815563664519179838e+03 9.911258403359090030e-01
5.815583663294144571e+03 9.909994859003239398e-01
5.815603762062984060e+03 9.908158721094667554e-01
5.815623760837949703e+03 9.914973034305707422e-01
5.815643759612915346e+03 9.923687166092389766e-01
5.815663758387880080e+03 9.925558938885700178e-01
5.815683757162842085e+03 9.923059802857142619e-01
5.815703855931681574e+03 9.924548862277345895e-01
5.815723854706646307e+03 9.936680967816710064e-01
5.815743853481610131e+03 9.958311966543549332e-01
5.815763852256574864e+03 9.960846498893010104e-01
5.815783851031538688e+03 9.974209816446683030e-01
5.815803949800378177e+03 9.981775057190938050e-01
5.815823948575341092e+03 9.968256080916543249e-01
5.815843947350305825e+03 9.963571349021109747e-01
5.815863946125270559e+03 9.986998887550131432e-01
5.815883944900235292e+03 9.994849390654219068e-01
5.815904043669075691e+03 1.000744469428199723e+00
5.815923542474664828e+03 1.000913380473348990e+00
5.815943541249629561e+03 9.988970845337407090e-01
5.815963540024594295e+03 9.983242073400666605e-01
5.815983538799557209e+03 9.993749218679004453e-01
5.816003637568397608e+03 9.992480375355489164e-01
5.816023636343359613e+03 9.999568373611505967e-01
5.816043635118327074e+03 9.979031317797810718e-01
5.816063633893290898e+03 9.999788368938701266e-01
5.816083632668253813e+03 1.001162089770268437e+00
5.816103731437094211e+03 1.000968708153253228e+00
5.816123730212056216e+03 1.001326076667832687e+00
5.816143728987022769e+03 1.002385705666810400e+00
5.816163727761987502e+03 9.997251435239977724e-01
5.816183726536949507e+03 9.998263044822546242e-01
5.816203825305788996e+03 1.000373187304260503e+00
5.816223824080754639e+03 1.000303511667153478e+00
5.816243822855717553e+03 9.995601894575614210e-01
