5.816743792229824976e+03 1.000653286326610436e+00
5.816763791004790619e+03 1.000623834603535656e+00
5.816783789779753533e+03 9.989808590715725245e-01
5.816803888548593022e+03 9.994353903636644665e-01
5.816823887323559575e+03 9.994629107779120503e-01
5.816843886098523399e+03 9.990918185056135714e-01
5.816863884873485404e+03 9.981323260754075832e-01
5.816883883648451956e+03 9.977612754165233744e-01
5.816903982417290536e+03 1.000170764909396937e+00
5.816923481222881492e+03 1.004364878171872366e+00
5.816943479997845316e+03 9.993532072167743419e-01
5.816963478772810049e+03 1.000026020798083559e+00
5.816983477547773873e+03 1.000015568411206868e+00
5.817003576316612453e+03 1.000099909315865787e+00
5.817023575091578095e+03 1.000155879532997671e+00
5.817043573866542829e+03 9.987410734671535728e-01
5.817063572641504834e+03 9.995276969133053413e-01
5.817083571416469567e+03 9.985494304831147305e-01
5.817103670185309966e+03 9.954267485820811334e-01
5.817123668960271061e+03 9.957864265287716954e-01
5.817143667735237614e+03 9.973415680479492673e-01
5.817163666510203257e+03 9.976063164541332240e-01
5.817183665285164352e+03 9.972164141417362293e-01
5.817203764054004751e+03 9.974525932834397146e-01
5.817223762828968574e+03 9.961045065969017509e-01
5.817243761603933308e+03 9.966538682407010130e-01
5.817263760378897132e+03 9.957042963856310713e-01
5.817283759153861865e+03 9.934740723303777665e-01
5.817303857922704083e+03 9.924675846435824234e-01
5.817323856697666997e+03 9.932636170581667923e-01
5.817343855472631731e+03 9.936232606884628504e-01
5.817363854247596464e+03 9.932809381988535469e-01
5.817383853022557560e+03 9.918477800057858840e-01
5.817403951791397958e+03 9.910595915035571579e-01
5.817423450596988005e+03 9.913628332191630754e-01
5.817443449371952738e+03 9.915422631114017005e-01
5.817463448146916562e+03 9.915319880813289188e-01
5.817483446921881296e+03 9.924037912840426578e-01
5.817503545690721694e+03 9.928865957393772090e-01
5.817523544465682789e+03 9.929806225455160007e-01
5.817543543240650251e+03 9.936152416281753830e-01
5.817563542015613166e+03 9.947430009251851946e-01
5.817583540790576990e+03 9.951120145819585261e-01
5.817603639559415569e+03 9.955472994905602002e-01
5.817623638334379393e+03 9.956128144437853544e-01
5.817643637109343217e+03 9.974232343665802025e-01
5.817663635884311589e+03 9.981051048476434762e-01
5.817683634659274503e+03 9.982369450395019994e-01
5.817703733428113082e+03 9.988238466630576795e-01
5.817723732203076906e+03 9.981212131766592499e-01
5.817743730978040730e+03 9.982151165776620427e-01
5.817763729753005464e+03 9.979297340458407328e-01
5.817783728527970197e+03 9.994079907149859832e-01
5.817803827296809686e+03 9.992836851070125981e-01
5.817823826071774420e+03 9.980691127001615204e-01
5.817843824846738244e+03 9.985232979295326494e-01
5.817863823621702068e+03 9.987593996051618017e-01
5.817883822396664982e+03 9.988248353786358669e-01
5.817903921165504471e+03 9.986531508513026845e-01
5.817923419971097246e+03 9.994111638341310888e-01
5.817943418746058342e+03 1.000604746160323355e+00
5.817963417521023985e+03 1.001182069862468493e+00
5.817983416295988718e+03 1.000508012842450611e+00
5.818003515064828207e+03 1.002127993423606256e+00
5.818023513839792031e+03 1.001416026333360021e+00
5.818043512614758583e+03 1.001500358725460726e+00
5.818063511389721498e+03 1.000115407588115790e+00
5.818083510164685322e+03 9.990717571475310477e-01
