5.820337217474178942e+03 1.000703562323935314e+00
5.820357216983557009e+03 1.000654383566718764e+00
5.820377216492937805e+03 1.000001332548575705e+00
5.820397216002316782e+03 9.984928612121229952e-01
5.820417315509241234e+03 9.987958357812735111e-01
5.820437315018622030e+03 1.001203925455475874e+00
5.820457314527998278e+03 1.001800467323650468e+00
5.820477314037380893e+03 1.000610794734922759e+00
5.820497313546756232e+03 9.995134402414280750e-01
5.820517413053684322e+03 1.000856105729869494e+00
5.820537412563062389e+03 1.000790168409245950e+00
5.820557412072442276e+03 9.998606098350382165e-01
5.820577411581818524e+03 9.991994138842489326e-01
5.820597411091197500e+03 1.000173174732114090e+00
5.820617010610390025e+03 1.000116300207427145e+00
5.820637010119769911e+03 9.991868840617097458e-01
5.820657009629148888e+03 1.000059951692418014e+00
5.820677009138526046e+03 9.990551501283324587e-01
5.820697008647906841e+03 9.999784628944330400e-01
5.820717108154833113e+03 9.986298832865376784e-01
5.820737107664210271e+03 9.970468491654390641e-01
5.820757107173590157e+03 9.941227965835681690e-01
5.820777106682969134e+03 9.920790156971545093e-01
5.820797106192349020e+03 9.936813043996955974e-01
5.820817205699271653e+03 9.949564621592676961e-01
5.820837205208650630e+03 9.956031292931474264e-01
5.820857204718031426e+03 9.947496184806505770e-01
5.820877204227409493e+03 9.945330718959933813e-01
5.820897203736788470e+03 9.950875094505871044e-01
5.820917303243715651e+03 9.943093565253172672e-01
5.820937302753093718e+03 9.917046700805007831e-01
5.820957302262469057e+03 9.909519761476399680e-01
5.820977301771849852e+03 9.890430260542115715e-01
5.820997301281228829e+03 9.903181251283358355e-01
5.821017400788157829e+03 9.884091596205585306e-01
5.821037400297534987e+03 9.894579853429558147e-01
5.821057399806913054e+03 9.910680652373533572e-01
5.821077399316291121e+03 9.911784389834198405e-01
5.821097398825671007e+03 9.906269915850611785e-01
5.821116998344860804e+03 9.918521718283246358e-01
5.821136997854241599e+03 9.944169299268494910e-01
5.821156997363620576e+03 9.940748463162913939e-01
5.821176996872999553e+03 9.946625562709010548e-01
5.821196996382377620e+03 9.947057854210888950e-01
5.821217095889303891e+03 9.944975779807170291e-01
5.821237095398683778e+03 9.956966296141978034e-01
5.821257094908061845e+03 9.989726617262373320e-01
5.821277094417439912e+03 9.973072545517412957e-01
5.821297093926819798e+03 9.996869312784470996e-01
5.821317193433746070e+03 9.987416479143678139e-01
5.821337192943123227e+03 9.986926213493683147e-01
5.821357192452503114e+03 9.990622920873741819e-01
5.821377191961882090e+03 9.988541602275327058e-01
5.821397191471261976e+03 9.989307355004897193e-01
5.821417290978185520e+03 1.000882711223033406e+00
5.821437290487567225e+03 1.000791760540661990e+00
5.821457289996943473e+03 1.000918501582506392e+00
5.821477289506324269e+03 9.986758869149974238e-01
5.821497289015701426e+03 9.993133795361484051e-01
5.821517388522627698e+03 1.001792446116841928e+00
5.821537388032006675e+03 1.001358252793189019e+00
5.821557387541386561e+03 1.000413446358189296e+00
5.821577387050764628e+03 1.000958721361630888e+00
5.821597386560145424e+03 9.988337305629244600e-01
5.821616986079337039e+03 9.988021122826942211e-01
5.821636985588713287e+03 9.989288828025589817e-01
5.821656985098094083e+03 9.991477134165738239e-01
