5.827343242954787456e+03 1.000413266210606444e+00
5.827363241729749461e+03 1.000941659883544554e+00
5.827383240504716014e+03 1.000003414222162545e+00
5.827403339273553684e+03 9.989060573412211763e-01
5.827422838079144640e+03 1.001118125819579374e+00
5.827442836854108464e+03 1.000609708438445766e+00
5.827462835629072288e+03 9.998773130905491691e-01
5.827482834404037021e+03 1.001423052032413663e+00
5.827502933172876510e+03 1.001511671092782940e+00
5.827522931947839425e+03 1.000919426180076677e+00
5.827542930722806886e+03 1.000196646691685620e+00
5.827562929497768891e+03 9.999592852725838199e-01
5.827582928272736353e+03 1.001392221949371830e+00
5.827603027041574023e+03 1.003421437978899711e+00
5.827623025816537847e+03 1.003379719720191021e+00
5.827643024591502581e+03 1.000623563972946162e+00
5.827663023366466405e+03 1.001095139550469471e+00
5.827683022141430229e+03 1.000764578624561141e+00
5.827703120910269718e+03 1.001086306250505320e+00
5.827723119685233542e+03 1.001007566779883229e+00
5.827743118460198275e+03 1.000751707429501147e+00
5.827763117235164827e+03 1.001325563776739980e+00
5.827783116010127742e+03 1.000286759680740767e+00
5.827803214778967231e+03 9.987443634097025180e-01
5.827823213553929236e+03 9.996071424255056348e-01
5.827843212328894879e+03 9.998174748414009327e-01
5.827863211103858703e+03 9.990308379996136745e-01
5.827883209878823436e+03 9.966885864976079423e-01
5.827903308647662925e+03 9.959671270654278930e-01
5.827922807453252972e+03 9.968137708791112717e-01
5.827942806228217705e+03 9.961302342565037105e-01
5.827962805003182439e+03 9.936682292540433004e-01
5.827982803778145353e+03 9.951360448198975917e-01
5.828002902546983933e+03 9.959606192885348541e-01
5.828022901321949576e+03 9.951378305792510925e-01
5.828042900096913399e+03 9.925559773085462778e-01
5.828062898871877223e+03 9.938557598011313887e-01
5.828082897646844685e+03 9.931451338056956901e-01
5.828102996415681446e+03 9.909359987312020834e-01
5.828122995190643451e+03 9.888953377524748456e-01
5.828142993965609094e+03 9.877575215167648803e-01
5.828162992740574737e+03 9.881083010415819823e-01
5.828182991515538561e+03 9.860685937513641308e-01
5.828203090284376231e+03 9.855075334205553039e-01
5.828223089059341874e+03 9.868906573573454910e-01
5.828243087834306607e+03 9.870647158911159957e-01
5.828263086609270431e+03 9.858906356033938501e-01
5.828283085384235164e+03 9.850886563879348579e-01
5.828303184153073744e+03 9.859222944235404018e-01
5.828323182928037568e+03 9.875462940398584966e-01
5.828343181703001392e+03 9.884450716795571967e-01
5.828363180477967944e+03 9.887954124396097777e-01
5.828383179252931768e+03 9.876311927511565170e-01
5.828403278021772167e+03 9.879810224245899608e-01
5.828422776827361304e+03 9.866246809334885404e-01
5.828442775602324218e+03 9.854331969894398746e-01
5.828462774377288952e+03 9.858208254615176136e-01
5.828482773152255504e+03 9.853075897595610089e-01
5.828502871921094084e+03 9.852860688436757552e-01
5.828522870696057907e+03 9.865927513221854905e-01
5.828542869471020822e+03 9.870265122051227191e-01
5.828562868245985555e+03 9.867454313595069859e-01
5.828582867020949379e+03 9.897129317371700097e-01
5.828602965789788868e+03 9.897373587534211703e-01
5.828622964564754511e+03 9.909964815713999675e-01
5.828642963339719245e+03 9.928862781481603283e-01
5.828662962114682159e+03 9.922521819736462856e-01
5.828682960889647802e+03 9.923881757169062956e-01
5.828703059658484563e+03 9.935068262204778122e-01
5.828723058433452024e+03 9.937632292167742909e-01
5.828743057208414939e+03 9.931664065788923246e-01
5.828763055983379672e+03 9.942573290973122369e-01
5.828783054758343496e+03 9.953943793706733212e-01
5.828803153527182985e+03 9.958539036285174451e-01
5.828823152302145900e+03 9.957669477084122311e-01
5.828843151077110633e+03 9.962824759384318885e-01
5.828863149852074457e+03 9.979007532696659855e-01
5.828883148627041010e+03 9.989997517375184266e-01
5.828903247395876861e+03 9.986247355446684626e-01
5.828922746201466907e+03 9.975581115702214507e-01
5.828942744976432550e+03 9.965724454422177914e-01
5.828962743751398193e+03 9.959760273690630994e-01
5.828982742526360198e+03 1.000751606326819809e+00
5.829002841295203325e+03 1.000802604641555682e+00
5.829022840070165330e+03 1.003150572592712342e+00
5.829042838845129154e+03 1.001553752937364594e+00
5.829062837620095706e+03 1.001919951056691849e+00
5.829082836395056802e+03 1.001527003236188040e+00
5.829102935163897200e+03 1.001411288551699696e+00
5.829122933938859205e+03 1.001740367630273409e+00
5.829142932713824848e+03 1.000866357853915867e+00
5.829162931488791401e+03 1.000566220955248165e+00
5.829182930263754315e+03 1.000358668675696672e+00
5.829203029032591985e+03 1.001149746897383785e+00
5.829223027807557628e+03 9.988516597337279146e-01
5.829243026582520542e+03 1.001234106130083124e+00
5.829263025357486185e+03 1.001405747249310085e+00
5.829283024132448190e+03 1.000726614987399898e+00
5.829303122901289498e+03 9.999731293359165329e-01
5.829323121676256051e+03 1.000755034015705647e+00
5.829343120451219875e+03 1.002183869314457354e+00
5.829363119226181880e+03 1.000534404946666456e+00
5.829383118001146613e+03 1.000437989842105413e+00
5.829403216769987012e+03 1.000341067699628939e+00
5.829422715575575239e+03 1.001540981262278418e+00
5.829442714350539973e+03 1.000557514270199233e+00
5.829462713125506525e+03 1.000211703851034528e+00
5.829482711900467621e+03 1.006452236999002992e+00
5.829502810669306200e+03 1.004433555075537665e+00
5.829522809444272752e+03 9.984168806946194241e-01
