5.839796640102297715e+03 1.001440734065003779e+00
5.839816739609223077e+03 1.000509155052272892e+00
5.839836739118601145e+03 9.984443105361153759e-01
5.839856738627981940e+03 9.988252646270956436e-01
5.839876738137360007e+03 9.994345013851534398e-01
5.839896737646739894e+03 9.979403124374662815e-01
5.839916837153665256e+03 9.959569619262499396e-01
5.839936836663044232e+03 9.971287451067768481e-01
5.839956836172424119e+03 9.970042173628494986e-01
5.839976835681802186e+03 9.949881840829059021e-01
5.839996835191178434e+03 9.936162203776237600e-01
5.840016934698104706e+03 9.965246638900742138e-01
5.840036934207484592e+03 9.974437364779618065e-01
5.840056933716861749e+03 9.970583033914128812e-01
5.840076933226242545e+03 9.968848508850955970e-01
5.840096932735623341e+03 9.976734886559898152e-01
5.840116532254812228e+03 9.969617966216338667e-01
5.840136531764192114e+03 9.937145006066845365e-01
5.840156531273570181e+03 9.948618860445699319e-01
5.840176530782949158e+03 9.957728330473015754e-01
5.840196530292328134e+03 9.950123097348952950e-01
5.840216629799253496e+03 9.914061952486901141e-01
5.840236629308632473e+03 9.919176083609607675e-01
5.840256628818014178e+03 9.913282764171332806e-01
5.840276628327390426e+03 9.922229217868786533e-01
5.840296627836770313e+03 9.904268209070693496e-01
5.840316727343695675e+03 9.904816535994312998e-01
5.840336726853074651e+03 9.896639895977941137e-01
5.840356726362453628e+03 9.869627524608725055e-01
5.840376725871833514e+03 9.844408712635644987e-01
5.840396725381210672e+03 9.823674328794695931e-01
5.840416824888136944e+03 9.799352185561575057e-01
5.840436824397516830e+03 9.777231081456323469e-01
5.840456823906893987e+03 9.758942186571522015e-01
5.840476823416273874e+03 9.783625943996890895e-01
5.840496822925653760e+03 9.803906675806517423e-01
5.840516922432577303e+03 9.796300090626091084e-01
5.840536921941959008e+03 9.809568362696272636e-01
5.840556921451336166e+03 9.840695012546267773e-01
5.840576920960715142e+03 9.855268422863523448e-01
5.840596920470095029e+03 9.844399855157026646e-01
5.840616519989284825e+03 9.858646105763966272e-01
5.840636519498663802e+03 9.877786472839743537e-01
5.840656519008043688e+03 9.867570219718286850e-01
5.840676518517421755e+03 9.863388343723473728e-01
5.840696518026800732e+03 9.885709441516712381e-01
5.840716617533726094e+03 9.907378712038967805e-01
5.840736617043105980e+03 9.917712671644661748e-01
5.840756616552485866e+03 9.918668593190607119e-01
5.840776616061864843e+03 9.954772448394062501e-01
5.840796615571242910e+03 9.971793987698615025e-01
5.840816715078169182e+03 9.979927001599501191e-01
5.840836714587547249e+03 9.981861927530958356e-01
5.840856714096926225e+03 9.998313068609007148e-01
5.840876713606305202e+03 9.997393801383855916e-01
5.840896713115682360e+03 9.989705656039992165e-01
5.840916812622608632e+03 9.994658445592370377e-01
5.840936812131987608e+03 9.997979925352659114e-01
5.840956811641364766e+03 9.985561509226713595e-01
5.840976811150746471e+03 9.982521718619681295e-01
5.840996810660123629e+03 9.973202153797190439e-01
5.841016910167051719e+03 9.969265438122353329e-01
5.841036909676430696e+03 9.961821470991972793e-01
5.841056909185807854e+03 9.955682318913534612e-01
5.841076908695185921e+03 9.971318805704859622e-01
5.841096908204565807e+03 9.984182524159649352e-01
5.841116507723759241e+03 9.981630758591872876e-01
5.841136507233136399e+03 9.978509238885138188e-01
5.841156506742514466e+03 1.000344394381998958e+00
