5.843941826199667958e+03 1.000627970451195337e+00
5.843961824974631782e+03 1.000078411817439505e+00
5.843981823749595605e+03 9.997289632756747313e-01
5.844001922518435094e+03 1.001171348693338903e+00
5.844021921293399828e+03 9.979203856566164488e-01
5.844041920068366380e+03 9.968978737203981755e-01
5.844061918843329295e+03 1.001250859085556444e+00
5.844081917618291300e+03 1.002247554008101282e+00
5.844102016387131698e+03 1.000979439412484462e+00
5.844122015162096432e+03 9.978013030698701380e-01
5.844142013937058437e+03 9.986706635856267278e-01
5.844162012712025899e+03 9.991034378502399171e-01
5.844182011486989722e+03 9.983992869982639684e-01
5.844202110255827392e+03 9.978042666097305391e-01
5.844222109030793035e+03 9.977822740350438258e-01
5.844242107805756859e+03 9.969508025693051279e-01
5.844262106580722502e+03 9.964376707243775000e-01
5.844282105355685417e+03 9.962974460692007872e-01
5.844302204124523996e+03 9.964846295241608365e-01
5.844322202899489639e+03 9.973175849184432451e-01
5.844342201674453463e+03 9.965952723754173403e-01
5.844362200449420016e+03 9.949543640482663154e-01
5.844382199224382020e+03 9.949323832107709320e-01
5.844402297993221509e+03 9.958016929318040944e-01
5.844421796798813375e+03 9.956251896244668886e-01
5.844441795573775380e+03 9.941571135460244291e-01
5.844461794348740113e+03 9.937804354742814095e-01
5.844481793123703028e+03 9.924942747681899657e-01
5.844501891892544336e+03 9.901894851127304165e-01
5.844521890667509069e+03 9.884758930293305879e-01
5.844541889442471984e+03 9.913551633764573490e-01
5.844561888217436717e+03 9.911967764880651455e-01
5.844581886992402360e+03 9.893194959551575574e-01
5.844601985761239121e+03 9.886336097089076791e-01
5.844621984536203854e+03 9.890118172121363793e-01
5.844641983311168588e+03 9.894354947484804708e-01
5.844661982086133321e+03 9.883403803795361986e-01
5.844681980861095326e+03 9.874544480750553355e-01
5.844702079629934815e+03 9.901335374338727791e-01
5.844722078404901367e+03 9.906390542879047745e-01
5.844742077179863372e+03 9.906716582885075617e-01
5.844762075954829925e+03 9.888490106394496326e-01
5.844782074729794658e+03 9.930195437317135276e-01
5.844802173498631419e+03 9.944890189009684134e-01
5.844822172273596152e+03 9.928482629644672652e-01
5.844842171048561795e+03 9.919077753405246556e-01
5.844862169823525619e+03 9.939774739027624761e-01
5.844882168598488533e+03 9.950831755814345536e-01
5.844902267367329841e+03 9.959614967180524525e-01
5.844921766172919888e+03 9.953939642536360211e-01
5.844941764947883712e+03 9.968179401114457550e-01
5.844961763722847536e+03 9.981145888137888944e-01
5.844981762497813179e+03 9.961828614905102741e-01
5.845001861266651758e+03 9.947967672387801885e-01
5.845021860041615582e+03 9.966754197425296002e-01
5.845041858816579406e+03 9.981266453602312128e-01
5.845061857591545049e+03 9.972043649674150467e-01
5.845081856366507964e+03 9.964639679432126806e-01
5.845101955135347453e+03 9.987517867178179465e-01
5.845121953910311277e+03 1.001239669488908968e+00
5.845141952685277829e+03 9.997172064334051145e-01
5.845161951460239834e+03 9.982129423546922675e-01
5.845181950235202748e+03 9.995004380170939839e-01
5.845202049004042237e+03 9.994784253296502552e-01
5.845222047779009699e+03 9.980196473188909234e-01
5.845242046553972614e+03 9.983795881381117843e-01
5.845262045328937347e+03 9.998216531982837552e-01
5.845282044103902081e+03 1.000827220779311411e+00
5.845302142872741570e+03 9.995048424449212154e-01
5.845322141647705394e+03 9.991373002408837634e-01
5.845342140422669218e+03 9.996881907419270519e-01
5.845362139197633951e+03 1.000666463607785994e+00
