5.848423622366973177e+03 1.001227023207300837e+00
5.848443621900266407e+03 9.989176116320480636e-01
5.848463621433560547e+03 9.982398246655174168e-01
5.848483620966858325e+03 9.971249933536605603e-01
5.848503620500151555e+03 9.987739418062483443e-01
5.848523720031113044e+03 9.980170725584748270e-01
5.848543719564409912e+03 9.973309584936057570e-01
5.848563719097704961e+03 9.970069661764376923e-01
5.848583718630998192e+03 9.993468661377182816e-01
5.848603218175960137e+03 1.000363129867409384e+00
5.848623317706921625e+03 1.000139038390434054e+00
5.848643317240215765e+03 1.003315575600268517e+00
5.848663316773508996e+03 1.003516041473812459e+00
5.848683316306806773e+03 9.997289798717848841e-01
5.848703315840102732e+03 9.992343313021021523e-01
5.848723415371064220e+03 9.988645559719185885e-01
5.848743414904357451e+03 1.000205504560526260e+00
5.848763414437653410e+03 1.000876315391464599e+00
5.848783413970949368e+03 9.999904043788734320e-01
5.848803413504245327e+03 1.000898470651048200e+00
5.848823513035204996e+03 1.000353875811743398e+00
5.848843512568499136e+03 1.000583477448964809e+00
5.848863512101793276e+03 1.000055527785240983e+00
5.848883511635091963e+03 9.992653478307392811e-01
5.848903511168386103e+03 9.966853446837099506e-01
5.848923610699346682e+03 9.970564687169377605e-01
5.848943610232641731e+03 9.942641790920698774e-01
5.848963609765933143e+03 9.898693673225602563e-01
5.848983609299230920e+03 9.894288184662327623e-01
5.849003608832525970e+03 9.894960807186452545e-01
5.849023708363488367e+03 9.874322007370381904e-01
5.849043707896782507e+03 9.860176485336167307e-01
5.849063707430077557e+03 9.827050402938606322e-01
5.849083706963371696e+03 9.801999336319826561e-01
5.849103206508335461e+03 9.746978756500662699e-01
5.849123306039296040e+03 9.712478969910565141e-01
5.849143305572592908e+03 9.685929308384815251e-01
5.849163305105886138e+03 9.664083138239507598e-01
5.849183304639182097e+03 9.644900885045771810e-01
5.849203304172477146e+03 9.624927746469992274e-01
5.849223403703438635e+03 9.535567043216518490e-01
5.849243403236734594e+03 9.515302434596014658e-01
5.849263402770027824e+03 9.476514997226984649e-01
5.849283402303321054e+03 9.429694017669251194e-01
5.849303401836617923e+03 9.371592782095824470e-01
5.849323501367578501e+03 9.410268129742391796e-01
5.849343500900873551e+03 9.441950601141010369e-01
5.849363500434169509e+03 9.443039171573225365e-01
5.849383499967463649e+03 9.420859681028734833e-01
5.849403499500757789e+03 9.378908538039789633e-01
5.849423599031717458e+03 9.347072122751254319e-01
5.849443598565015236e+03 9.317275234939379480e-01
5.849463598098309376e+03 9.301713904099291330e-01
5.849483597631604425e+03 9.305507982296872260e-01
5.849503597164901294e+03 9.283786180535221755e-01
5.849523696695861872e+03 9.242251053649285231e-01
5.849543696229156012e+03 9.204919930949899687e-01
5.849563695762452880e+03 9.157307459083061651e-01
5.849583695295747020e+03 9.157147104482608047e-01
5.849603194840708966e+03 9.125768035337564754e-01
5.849623294371670454e+03 9.067541127861014072e-01
5.849643293904964594e+03 9.038201725275943899e-01
5.849663293438260553e+03 9.060560324011452948e-01
5.849683292971556511e+03 9.087955560700264890e-01
5.849703292504850651e+03 9.096619634795044540e-01
5.849723392035812140e+03 9.144785795764425185e-01
5.849743391569105370e+03 9.198488108275199027e-01
5.849763391102401329e+03 9.241118250443007831e-01
5.849783390635694559e+03 9.250739825395237759e-01
5.849803390168991427e+03 9.273348421683954568e-01
5.849823489699952006e+03 9.275019676681746095e-01
5.849843489233247965e+03 9.272653269706887524e-01
5.849863488766542105e+03 9.247351423318999064e-01
5.849883488299838973e+03 9.238824473950570937e-01
5.849903487833133113e+03 9.306513193719807564e-01
5.849923587364094601e+03 9.350475674577812812e-01
5.849943586897386922e+03 9.377788093999884778e-01
5.849963586430681971e+03 9.416380993002232414e-01
5.849983585963979749e+03 9.491063060428727161e-01
5.850003585497273889e+03 9.573154532607848211e-01
5.850023685028235377e+03 9.628730809042005401e-01
5.850043684561529517e+03 9.689635174311901356e-01
5.850063684094825476e+03 9.716573302525419731e-01
5.850083683628121435e+03 9.746466871553614020e-01
5.850103183173083380e+03 9.781230493834917050e-01
5.850123282704043959e+03 9.809625661610278380e-01
5.850143282237340827e+03 9.835190300511150729e-01
5.850163281770633148e+03 9.852721246441557001e-01
5.850183281303930926e+03 9.873915264915953394e-01
5.850203280837223247e+03 9.867469922999123622e-01
5.850223380368187463e+03 9.853198990112365108e-01
5.850243379901481603e+03 9.884050200324319135e-01
5.850263379434777562e+03 9.896960788360350536e-01
5.850283378968071702e+03 9.885353857933748545e-01
5.850303378501365842e+03 9.890064196196345359e-01
5.850323478032326420e+03 9.896273101041056508e-01
5.850343477565620560e+03 9.921837969283510139e-01
5.850363477098917429e+03 9.923676160545273905e-01
5.850383476632212478e+03 9.923890946580591343e-01
5.850403476165507527e+03 9.941130711654665442e-01
5.850423575696469925e+03 9.957080130526297923e-01
5.850443575229762246e+03 9.957586320712014105e-01
5.850463574763058205e+03 9.936447018085592386e-01
5.850483574296353254e+03 9.932374337564570110e-01
5.850503573829647394e+03 9.951861970238403687e-01
5.850523673360610701e+03 9.976511290524976427e-01
5.850543672893905750e+03 9.961823983037825236e-01
5.850563672427198981e+03 9.895104044948903610e-01
5.850583671960494939e+03 9.941731932818337336e-01
5.850603171505457794e+03 9.978244562750708813e-01
5.850623271036419283e+03 9.986618149724593163e-01
5.850643270569712513e+03 9.957694639393291913e-01
5.850663270103008472e+03 9.996288831590827151e-01
5.850683269636302612e+03 1.004146002390876591e+00
5.850703269169596751e+03 1.003551420055407206e+00
5.850723368700561878e+03 9.980907244518733012e-01
5.850743368233855108e+03 9.991944918997055503e-01
5.850763367767150157e+03 1.000743662955529745e+00
5.850783367300444297e+03 9.997203248498843786e-01
5.850803366833739346e+03 9.975480960836023980e-01
