5.865396112104828717e+03 9.999872778833391873e-01
5.865416211611755898e+03 1.000072164018861232e+00
5.865436211121135784e+03 9.998872057845634709e-01
5.865456210630512032e+03 9.992255463695779438e-01
5.865476210139892828e+03 9.991201181262610032e-01
5.865496209649270895e+03 9.993007021538129475e-01
5.865516309156198076e+03 1.000037004729211088e+00
5.865536308665575234e+03 9.994311148558724378e-01
5.865556308174955120e+03 1.000326497773870837e+00
5.865576307684334097e+03 9.999509960142640708e-01
5.865596307193712164e+03 9.996629035812039099e-01
5.865615906712902870e+03 1.000051170404769874e+00
5.865635906222283666e+03 1.000191909774330146e+00
5.865655905731661733e+03 1.000364391972218270e+00
5.865675905241039800e+03 1.000401877095242087e+00
5.865695904750418777e+03 1.000748985596220164e+00
5.865716004257345958e+03 1.000563830434389123e+00
5.865736003766724934e+03 9.996487207931108454e-01
5.865756003276103002e+03 9.988131079097010145e-01
5.865776002785481069e+03 9.971680223436597545e-01
5.865796002294860045e+03 9.982374588822220396e-01
5.865816101801787227e+03 9.995127643563115338e-01
5.865836101311164384e+03 9.988202213433277077e-01
5.865856100820543361e+03 9.978421097312323296e-01
5.865876100329923247e+03 9.989270915276403651e-01
5.865896099839302224e+03 9.985600169930022307e-01
5.865916199346228495e+03 9.980815953644586180e-01
5.865936198855606563e+03 9.981826674522858989e-01
5.865956198364988268e+03 9.986089548310557173e-01
5.865976197874365425e+03 9.964018050759436695e-01
5.865996197383743493e+03 9.963681358690017476e-01
5.866016296890669764e+03 9.956203700203991591e-01
5.866036296400047831e+03 9.939927654591949047e-01
5.866056295909427718e+03 9.939275431519337678e-01
5.866076295418805785e+03 9.966930783801204452e-01
5.866096294928186580e+03 9.953035875482139083e-01
5.866115894447374558e+03 9.951206756479665794e-01
5.866135893956754444e+03 9.946352291193006900e-01
5.866155893466135240e+03 9.928973495039293828e-01
5.866175892975516035e+03 9.938944020861838480e-01
5.866195892484892283e+03 9.932981666189716341e-01
5.866215991991818555e+03 9.921468898204828246e-01
5.866235991501196622e+03 9.917886016962791373e-01
5.866255991010573780e+03 9.925081060619039830e-01
5.866275990519955485e+03 9.936395684995285027e-01
5.866295990029333552e+03 9.891293104636940114e-01
5.866316089536257095e+03 9.915361309839842985e-01
5.866336089045637891e+03 9.926674355930208415e-01
5.866356088555016868e+03 9.928479527852903663e-01
5.866376088064395844e+03 9.937730656053952449e-01
5.866396087573776640e+03 9.945634013279079921e-01
5.866416187080698364e+03 9.953137055981327030e-01
5.866436186590080979e+03 9.942426568603111026e-01
5.866456186099458137e+03 9.943200616836410655e-01
5.866476185608837113e+03 9.959416383130641481e-01
5.866496185118215180e+03 9.942768832185768790e-01
5.866516284625141452e+03 9.969193262071717188e-01
5.866536284134520429e+03 9.963869034732023566e-01
5.866556283643900315e+03 9.972004073064913987e-01
5.866576283153279292e+03 9.989954242083204372e-01
5.866596282662656449e+03 9.997453254307165915e-01
5.866615882181850793e+03 9.986680147669577678e-01
5.866635881691227041e+03 9.982148007549827007e-01
5.866655881200607837e+03 9.991149782958285153e-01
5.866675880709987723e+03 1.000086261737877402e+00
5.866695880219363062e+03 1.000139489041904639e+00
5.866715979726290243e+03 9.989026182266123044e-01
5.866735979235668310e+03 1.001361209327586099e+00
5.866755978745047287e+03 1.000180130052890304e+00
5.866775978254426263e+03 9.988805391617235907e-01
5.866795977763806150e+03 9.981665026730799362e-01
5.866816077270730602e+03 9.975471546008245483e-01
5.866836076780108669e+03 9.988581459917295069e-01
5.866856076289488556e+03 1.000089875904855541e+00
5.866876075798869351e+03 1.000166801175816023e+00
5.866896075308246509e+03 9.997376046578738684e-01
5.866916174815170962e+03 9.994979174864510041e-01
5.866936174324550848e+03 1.000405099082413596e+00
5.866956173833930734e+03 9.983551507428365390e-01
5.866976173343309711e+03 9.988432749457329951e-01
5.866996172852687778e+03 1.000256269234230055e+00
5.867016272359614049e+03 1.001233982471942063e+00
5.867036271868993026e+03 1.000085617628337920e+00
5.867056271378372003e+03 9.996329431772275065e-01
5.867076270887750070e+03 1.000840030703891603e+00
5.867096270397131775e+03 1.000687674469622035e+00
