5.884455744540461637e+03 9.999121439953632118e-01
5.884475744049840614e+03 1.000150146799299922e+00
5.884495743559218681e+03 9.998791520786038944e-01
5.884515843066145862e+03 1.000071545764749992e+00
5.884535842575526658e+03 1.000613418794076281e+00
5.884555842084903816e+03 9.994156132193896536e-01
5.884575841594284611e+03 9.987419982060204982e-01
5.884595841103662679e+03 9.979316486294473876e-01
5.884615440622853384e+03 9.975468248513235103e-01
5.884635440132232361e+03 1.000299328600007920e+00
5.884655439641609519e+03 9.995117733989676845e-01
5.884675439150991224e+03 1.001063977249003978e+00
5.884695438660368382e+03 1.000603078131228507e+00
5.884715538167293744e+03 1.000202930375852839e+00
5.884735537676674539e+03 9.986481476476863905e-01
5.884755537186051697e+03 9.975643600270975853e-01
5.884775536695431583e+03 9.982049663380794247e-01
5.884795536204811469e+03 9.995672204864639587e-01
5.884815635711736832e+03 9.994101707492274445e-01
5.884835635221114899e+03 9.992227630024084206e-01
5.884855634730492966e+03 9.996430568038987552e-01
5.884875634239872852e+03 9.979440047989959206e-01
5.884895633749251829e+03 9.971185294263485988e-01
5.884915733256176281e+03 9.964449596760817096e-01
5.884935732765557987e+03 9.957714222552942473e-01
5.884955732274933325e+03 9.955612508582393216e-01
5.884975731784314121e+03 9.954878098625523641e-01
5.884995731293693098e+03 9.942066098367812188e-01
5.885015830800619369e+03 9.912466960177206410e-01
5.885035830309998346e+03 9.933153209266442074e-01
5.885055829819378232e+03 9.925810534387897732e-01
5.885075829328755390e+03 9.922417760378813290e-01
5.885095828838134366e+03 9.930570606623889685e-01
5.885115428357325072e+03 9.938800341053630749e-01
5.885135427866704958e+03 9.935711381512970508e-01
5.885155427376082116e+03 9.918342604763232817e-01
5.885175426885463821e+03 9.897480017677503517e-01
5.885195426394841888e+03 9.894998964061726410e-01
5.885215525901768160e+03 9.906569447709837606e-01
5.885235525411146227e+03 9.914190401146669718e-01
5.885255524920527932e+03 9.923406326029969859e-01
5.885275524429904181e+03 9.915152664072991451e-01
5.885295523939282248e+03 9.913734940416393249e-01
5.885315623446208519e+03 9.908443348237275794e-01
5.885335622955586587e+03 9.911582863245266273e-01
5.885355622464966473e+03 9.930216711126695905e-01
5.885375621974346359e+03 9.943609655119981516e-01
5.885395621483723517e+03 9.941812064313730879e-01
5.885415720990649788e+03 9.950723414931667010e-01
5.885435720500029674e+03 9.962369172253037197e-01
5.885455720009407742e+03 9.978495910108869937e-01
5.885475719518785809e+03 9.967887928245829920e-01
5.885495719028167514e+03 9.966318111426025750e-01
5.885515818535091967e+03 9.956925241381303637e-01
5.885535818044469124e+03 9.954064359447910570e-01
5.885555817553850829e+03 9.969735036550365637e-01
5.885575817063227078e+03 9.968089295243468539e-01
5.885595816572606054e+03 9.989607746795722276e-01
5.885615416091797670e+03 9.978089734032465907e-01
5.885635415601177556e+03 9.989658815172739459e-01
5.885655415110554713e+03 9.977988007890482569e-01
5.885675414619933690e+03 9.984164765375654893e-01
5.885695414129313576e+03 9.995809585859902757e-01
5.885715513636239848e+03 1.000175809791129966e+00
5.885735513145619734e+03 1.000299818881486225e+00
5.885755512654998711e+03 1.000150424648906800e+00
5.885775512164376778e+03 9.995301752130998363e-01
5.885795511673753936e+03 1.003033705004894971e+00
5.885815611180682026e+03 9.999528405664444008e-01
5.885835610690059184e+03 9.992414695709692651e-01
5.885855610199438161e+03 1.000094533486345361e+00
5.885875609708817137e+03 9.966112604842107814e-01
5.885895609218196114e+03 9.983908254148922135e-01
5.885915708725121476e+03 1.000990519547795499e+00
5.885935708234501362e+03 1.001760021582447369e+00
