5.892675242902546415e+03 1.000203635234904853e+00
5.892695242411926301e+03 9.989939862511697521e-01
5.892715341918854392e+03 9.995692734085440678e-01
5.892735341428230640e+03 1.001922015386508269e+00
5.892755340937612345e+03 1.001593476796884818e+00
5.892775340446991322e+03 1.000771267903524109e+00
5.892795339956367570e+03 9.998503648530543408e-01
5.892815439463293842e+03 9.999470879166999504e-01
5.892835438972674638e+03 9.972718946513923211e-01
5.892855438482052705e+03 9.958878865355692556e-01
5.892875437991430772e+03 9.963037822069709115e-01
5.892895437500809749e+03 9.976233500134765730e-01
5.892915537007735111e+03 1.000134966659367741e+00
5.892935536517114997e+03 1.001370844549904993e+00
5.892955536026493974e+03 1.001361329012699253e+00
5.892975535535871131e+03 9.980183535377029624e-01
5.892995535045250108e+03 9.981835631918739571e-01
5.893015634552175470e+03 9.975134195742914045e-01
5.893035634061556266e+03 9.980962346273470898e-01
5.893055633570933423e+03 9.976995816085287849e-01
5.893075633080313310e+03 9.978799682083775435e-01
5.893095632589693196e+03 9.970961392604245077e-01
5.893115232108882992e+03 9.936708259063864457e-01
5.893135231618261059e+03 9.941170124155724874e-01
5.893155231127641855e+03 9.931435438243900737e-01
5.893175230637020832e+03 9.922839949289281591e-01
5.893195230146398899e+03 9.938081402437320966e-01
5.893215329653324261e+03 9.936620548224316396e-01
5.893235329162703238e+03 9.926735125074522825e-01
5.893255328672082214e+03 9.919962371857621308e-01
5.893275328181461191e+03 9.899982488341846354e-01
5.893295327690840168e+03 9.896474565543991186e-01
5.893315427197764620e+03 9.880441895799750851e-01
5.893335426707146325e+03 9.861375264070625368e-01
5.893355426216522574e+03 9.860221379864197999e-01
5.893375425725904279e+03 9.895345656252136912e-01
5.893395425235282346e+03 9.899351769132427314e-01
5.893415524742205889e+03 9.895160144669998825e-01
5.893435524251585775e+03 9.903415906835182358e-01
5.893455523760965661e+03 9.905372549825959272e-01
5.893475523270345548e+03 9.877961120069160827e-01
5.893495522779722705e+03 9.875592887805431097e-01
5.893515622286648068e+03 9.928845428118285854e-01
5.893535621796027954e+03 9.933836482968149140e-01
5.893555621305406930e+03 9.935260991862836510e-01
5.893575620814785907e+03 9.947004688904927949e-01
5.893595620324166703e+03 9.955333432996357201e-01
5.893615219843354680e+03 9.934531375846205048e-01
5.893635219352733657e+03 9.939521686345247353e-01
5.893655218862114452e+03 9.967272586338935536e-01
5.893675218371493429e+03 9.966116573769332465e-01
5.893695217880869677e+03 9.956994720595623294e-01
5.893715317387797768e+03 9.973665794725773415e-01
5.893735316897176745e+03 9.989275208230121716e-01
5.893755316406553902e+03 9.986829152777623175e-01
5.893775315915934698e+03 9.976418106293215571e-01
5.893795315425313674e+03 9.986337076890283715e-01
5.893815414932238127e+03 9.987531064594529218e-01
5.893835414441617104e+03 9.967715053441522643e-01
5.893855413950996990e+03 1.000804965476010056e+00
5.893875413460375967e+03 1.002016649147593030e+00
5.893895412969754034e+03 1.000672229382468137e+00
5.893915512476680306e+03 9.983265973202753996e-01
5.893935511986058373e+03 1.001017196320202585e+00
5.893955511495438259e+03 1.000765017147442482e+00
5.893975511004817236e+03 9.984348477513124154e-01
5.893995510514194393e+03 1.001519601573580776e+00
5.894015610021121574e+03 1.001381059528499096e+00
5.894035609530499642e+03 1.001174397281551220e+00
5.894055609039879528e+03 9.973353907233442062e-01
