5.909575228317899018e+03 1.000869881870170452e+00
5.909595227827278904e+03 1.000341645470141705e+00
5.909614827346472339e+03 1.001591845600495523e+00
5.909634826855848587e+03 1.001956049970765372e+00
5.909654826365228473e+03 1.001985577396762306e+00
5.909674825874607450e+03 1.000215538447043473e+00
5.909694825383987336e+03 1.000200526424509517e+00
5.909714924890912698e+03 9.997019816750588594e-01
5.909734924400291675e+03 9.995159846331781450e-01
5.909754923909668832e+03 9.988764766983287968e-01
5.909774923419047809e+03 9.991514759330096807e-01
5.909794922928427695e+03 1.000088096215200562e+00
5.909815022435353058e+03 1.002288169260066253e+00
5.909835021944732034e+03 1.001001934193380016e+00
5.909855021454112830e+03 9.991657563438212097e-01
5.909875020963489987e+03 9.990764711932184072e-01
5.909895020472870783e+03 9.986973247516638397e-01
5.909915119979794326e+03 9.967051977158623011e-01
5.909935119489175122e+03 9.948249507569910666e-01
5.909955118998553189e+03 9.918747283923703417e-01
5.909975118507932166e+03 9.914736794083346405e-01
5.909995118017309323e+03 9.892149440769887336e-01
5.910015217524235595e+03 9.856781347306444729e-01
5.910035217033614572e+03 9.831969548486316768e-01
5.910055216542995367e+03 9.846241201872893978e-01
5.910075216052372525e+03 9.840228884413161348e-01
5.910095215561751502e+03 9.811260794266565277e-01
5.910114815080943117e+03 9.772572179765873779e-01
5.910134814590323003e+03 9.738112541159745783e-01
5.910154814099699252e+03 9.714055519045690090e-01
5.910174813609080957e+03 9.697131440000330560e-01
5.910194813118457205e+03 9.669216066725773162e-01
5.910214912625385296e+03 9.670490092689443262e-01
5.910234912134762453e+03 9.678450385887064078e-01
5.910254911644143249e+03 9.699703543285581597e-01
5.910274911153521316e+03 9.691175561710211328e-01
5.910294910662901202e+03 9.698614058657998305e-01
5.910315010169826564e+03 9.718450444264397081e-01
5.910335009679204632e+03 9.740886063706782894e-01
5.910355009188584518e+03 9.707855555554844029e-01
5.910375008697961675e+03 9.695097117725012259e-01
5.910395008207341562e+03 9.721391394429074184e-01
5.910415107714268743e+03 9.732833308577468756e-01
5.910435107223647719e+03 9.713913897929129515e-01
5.910455106733024877e+03 9.714445113064861248e-01
5.910475106242404763e+03 9.735612016258824442e-01
5.910495105751782830e+03 9.761453266191588707e-01
5.910515205258709102e+03 9.759530770761684071e-01
5.910535204768085350e+03 9.757462190598341634e-01
5.910555204277467055e+03 9.759995188898196172e-01
5.910575203786845123e+03 9.777889986116953258e-01
5.910595203296223190e+03 9.780421852208646127e-01
5.910614802815414805e+03 9.758400007720356983e-01
5.910634802324794691e+03 9.745498344420573389e-01
5.910654801834170939e+03 9.799970966721215371e-01
5.910674801343552645e+03 9.818453586153575996e-01
5.910694800852931621e+03 9.815344436442701159e-01
5.910714900359857893e+03 9.835603080420187716e-01
5.910734899869236870e+03 9.847256507645001378e-01
5.910754899378614937e+03 9.875896784457497413e-01
5.910774898887993004e+03 9.875159386279704909e-01
5.910794898397372890e+03 9.874051175432574379e-01
5.910814997904298252e+03 9.884808538366035569e-01
5.910834997413676319e+03 9.902316585757795497e-01
5.910854996923057115e+03 9.911071445033033944e-01
5.910874996432436092e+03 9.916562352494955324e-01
5.910894995941815068e+03 9.950307630251005175e-01
5.910915095448738612e+03 9.970699520802565052e-01
5.910935094958117588e+03 9.978708247003471588e-01
5.910955094467495655e+03 9.961950231721521387e-01
5.910975093976876451e+03 9.951422018858017138e-01
5.910995093486255428e+03 9.964027419280626630e-01
5.911015192993180790e+03 9.969512047958830614e-01
5.911035192502558857e+03 9.973219134946910147e-01
5.911055192011938743e+03 9.972107233592282238e-01
5.911075191521316810e+03 9.995087663921136123e-01
5.911095191030694878e+03 1.002288427916464775e+00
5.911114790549887402e+03 1.002177925728537033e+00
