5.912838005927222184e+03 9.999934537606957052e-01
5.912858004702186008e+03 1.000219772346453651e+00
5.912878003477153470e+03 9.995076606703373612e-01
5.912898102245991140e+03 9.981587792252684110e-01
5.912917601051584825e+03 9.982508122045128385e-01
5.912937599826545920e+03 9.990133849885181050e-01
5.912957598601511563e+03 9.995413542147481012e-01
5.912977597376474478e+03 9.995917162877402395e-01
5.912997696145313057e+03 9.992985701867158621e-01
5.913017694920278700e+03 9.998684519496319201e-01
5.913037693695240705e+03 1.000421584424862287e+00
5.913057692470207257e+03 9.994077572804821452e-01
5.913077691245171991e+03 9.990056225353389774e-01
5.913097790014010570e+03 9.985951435557647304e-01
5.913117788788974394e+03 9.981678558050490757e-01
5.913137787563938218e+03 9.987880354164251351e-01
5.913157786338902952e+03 9.999277773070431863e-01
5.913177785113864957e+03 1.000196024769365311e+00
5.913197883882707174e+03 9.994419578012373462e-01
5.913217882657670089e+03 9.983693925453173135e-01
5.913237881432633003e+03 9.983443281258983504e-01
5.913257880207600465e+03 9.976237046755030979e-01
5.913277878982561560e+03 9.976321545789541556e-01
5.913297977751401049e+03 9.976825486475636717e-01
5.913317976526364873e+03 9.974395859748271809e-01
5.913337975301330516e+03 9.971798581135757900e-01
5.913357974076295250e+03 9.965513803303407414e-01
5.913377972851259983e+03 9.959731757418402998e-01
5.913398071620098563e+03 9.955039528307134677e-01
5.913417570425687700e+03 9.943053402772279448e-01
5.913437569200653343e+03 9.920676913678365683e-01
5.913457567975618076e+03 9.912296201823082020e-01
5.913477566750580991e+03 9.920258303759571517e-01
5.913497665519421389e+03 9.928975257190542081e-01
5.913517664294383394e+03 9.911794197741180534e-01
5.913537663069349037e+03 9.915482075928956363e-01
5.913557661844311951e+03 9.932077198867790280e-01
5.913577660619279413e+03 9.944230482335096877e-01
5.913597759388116174e+03 9.921266201498907256e-01
5.913617758163082726e+03 9.945656589956122229e-01
5.913637756938046550e+03 9.947584778375150316e-01
5.913657755713010374e+03 9.939957926004199251e-01
5.913677754487976017e+03 9.947250394560083198e-01
5.913697853256812778e+03 9.948005615198399765e-01
5.913717852031779330e+03 9.947335511215038562e-01
5.913737850806742244e+03 9.958483912692143170e-01
5.913757849581706068e+03 9.987569978651824609e-01
5.913777848356671711e+03 9.993354384354371511e-01
5.913797947125511200e+03 9.984889671985592852e-01
5.913817945900475024e+03 9.993021171316136542e-01
5.913837944675438848e+03 9.941890070029322235e-01
5.913857943450403582e+03 9.994028698019061796e-01
5.913877942225368315e+03 9.979695581809369109e-01
5.913898040994207804e+03 9.972487765812038107e-01
5.913917539799797851e+03 9.981204168017124845e-01
5.913937538574762584e+03 9.992940578158868714e-01
5.913957537349726408e+03 1.000593459263212859e+00
5.913977536124691142e+03 1.000811504281165165e+00
5.913997634893530631e+03 1.000057184784944431e+00
5.914017633668492635e+03 9.995962122840029718e-01
5.914037632443458278e+03 1.000853745185899646e+00
5.914057631218422102e+03 1.000493368259079752e+00
5.914077629993385926e+03 1.001122194931818976e+00
5.914097728762224506e+03 1.002254066924047615e+00
5.914117727537191058e+03 1.002438605450354903e+00
5.914137726312155792e+03 1.002832730719709131e+00
5.914157725087119616e+03 1.001198075457933268e+00
5.914177723862082530e+03 1.000393357855569931e+00
5.914197822630920200e+03 9.999156277527867509e-01
5.914217821405885843e+03 9.992617908697482010e-01
