5.921657265698737319e+03 1.000477108941261850e+00
5.921677264473699324e+03 1.001558453770833967e+00
5.921697363242538813e+03 9.983063310607817042e-01
5.921717362017502637e+03 9.990492074290708846e-01
5.921737360792466461e+03 9.996187869650138280e-01
5.921757359567430285e+03 9.994618834604728219e-01
5.921777358342395019e+03 9.997012777695701846e-01
5.921797457111237236e+03 1.000907005746894063e+00
5.921817455886201060e+03 9.987023176405076530e-01
5.921837454661165793e+03 9.974140226181243962e-01
5.921857453436126889e+03 9.973478092467571443e-01
5.921877452211094351e+03 9.971494516701397970e-01
5.921897550979932930e+03 9.959767598295448110e-01
5.921917049785520248e+03 9.946207659301672388e-01
5.921937048560484072e+03 9.945709194070830872e-01
5.921957047335449715e+03 9.948762566580978683e-01
5.921977046110412630e+03 9.913982600581490168e-01
5.921997144879253938e+03 9.881927772441680968e-01
5.922017143654217762e+03 9.889109149540445953e-01
5.922037142429183405e+03 9.872744963790427430e-01
5.922057141204146319e+03 9.866211241142183175e-01
5.922077139979112872e+03 9.872318750214906791e-01
5.922097238747947813e+03 9.869753075067630999e-01
5.922117237522913456e+03 9.836692420500091627e-01
5.922137236297879099e+03 9.858418135123661052e-01
5.922157235072843832e+03 9.807750658204940075e-01
5.922177233847807656e+03 9.828981202312029319e-01
5.922197332616646236e+03 9.850877499232573165e-01
5.922217331391610969e+03 9.859879286085906358e-01
5.922237330166574793e+03 9.892935873979572525e-01
5.922257328941541346e+03 9.915910778086824973e-01
5.922277327716503351e+03 9.926239800732014062e-01
5.922297426485342839e+03 9.950791857783998218e-01
5.922317425260305754e+03 9.930946924852716018e-01
5.922337424035270487e+03 9.937309581771448519e-01
5.922357422810237040e+03 9.938546451950274196e-01
5.922377421585199045e+03 9.957478716786651862e-01
5.922397520354037624e+03 9.975753790739827487e-01
5.922417019159629490e+03 9.989632910215910933e-01
5.922437017934592404e+03 9.998067542750772585e-01
5.922457016709558047e+03 1.000906684876291752e+00
5.922477015484523690e+03 1.001394680417463601e+00
5.922497114253361360e+03 9.996662708375322337e-01
5.922517113028324275e+03 1.000038449122028439e+00
5.922537111803290827e+03 9.988389658815924887e-01
5.922557110578252832e+03 9.984252513456248757e-01
5.922577109353216656e+03 9.992772515791018551e-01
5.922597208122057964e+03 1.000543250501860104e+00
