5.922674506970886796e+03 9.997821018274405391e-01
5.922694506480267592e+03 1.000985978007719046e+00
5.922714605987192954e+03 1.000510021016703055e+00
5.922734605496571930e+03 9.996636641857367112e-01
5.922754605005951817e+03 9.993502024892997326e-01
5.922774604515327155e+03 1.000176748344683064e+00
5.922794604024707951e+03 9.990563300434531779e-01
5.922814703531634223e+03 9.957816048941876552e-01
5.922834703041012290e+03 9.953938492082090583e-01
5.922854702550391266e+03 9.966275989697892523e-01
5.922874702059771153e+03 9.979725401530601392e-01
5.922894701569150129e+03 9.957335740151970205e-01
5.922914801076073672e+03 9.951164158726817366e-01
5.922934800585453559e+03 9.938546489298676345e-01
5.922954800094833445e+03 9.923557608537331154e-01
5.922974799604214240e+03 9.913529603283685043e-01
5.922994799113591398e+03 9.921573363135516299e-01
5.923014898620516760e+03 9.897028527927327346e-01
5.923034898129895737e+03 9.878997510959229844e-01
5.923054897639275623e+03 9.855260579343668725e-01
5.923074897148652781e+03 9.840633549989608042e-01
5.923094396670295282e+03 9.828067393520736328e-01
5.923114496177223373e+03 9.812476834761761912e-01
5.923134495686602349e+03 9.797771441845187779e-01
5.923154495195981326e+03 9.788029150888781782e-01
5.923174494705361212e+03 9.780508940713009691e-01
5.923194494214736551e+03 9.769579148261899881e-01
5.923214593721667370e+03 9.769322352505822593e-01
5.923234593231042709e+03 9.774399217550258090e-01
5.923254592740422595e+03 9.771101456274996488e-01
5.923274592249804300e+03 9.765209173473621274e-01
5.923294591759180548e+03 9.766135663801521760e-01
5.923314691266106820e+03 9.761727498301674411e-01
5.923334690775483978e+03 9.766656964439915933e-01
5.923354690284863864e+03 9.778259013710822734e-01
5.923374689794243750e+03 9.789491514147634632e-01
5.923394689303622727e+03 9.795980047190830931e-01
5.923414788810547179e+03 9.810924215697310879e-01
5.923434788319927975e+03 9.812668899720472515e-01
5.923454787829304223e+03 9.825462513189354707e-01
5.923474787338685928e+03 9.859169495128665694e-01
5.923494786848063086e+03 9.857505445344397765e-01
5.923514886354990267e+03 9.835893610624422134e-01
5.923534885864366515e+03 9.888370452824791768e-01
5.923554885373745492e+03 9.898797472908813511e-01
5.923574884883126288e+03 9.929623571535050042e-01
5.923594384404772427e+03 9.943824477384810567e-01
5.923614483911696880e+03 9.951216752244741448e-01
5.923634483421076766e+03 9.979750208966838843e-01
5.923654482930453923e+03 9.981429949118364453e-01
5.923674482439831991e+03 1.000781611225767254e+00
5.923694481949210967e+03 9.980931691911425485e-01
5.923714581456136330e+03 9.999309265717726269e-01
5.923734580965517125e+03 9.987559369534418918e-01
5.923754580474895192e+03 9.973953118362478554e-01
5.923774579984275078e+03 9.982979970321158580e-01
5.923794579493653146e+03 9.997648048841124568e-01
5.923814679000578508e+03 1.001001926681974075e+00
5.923834678509956575e+03 9.996188753181554087e-01
5.923854678019337371e+03 1.000054223820719068e+00
5.923874677528715438e+03 9.998586628945087540e-01
5.923894677038094414e+03 9.999674389506597594e-01
