5.924474762807628395e+03 1.000697233144493881e+00
5.924494762317007371e+03 1.000623461147649662e+00
5.924514861823934552e+03 1.000771506903934904e+00
5.924534861333312620e+03 1.000971309169303769e+00
5.924554860842691596e+03 1.001185899301431315e+00
5.924574860352070573e+03 1.001895880927272220e+00
5.924594359873714893e+03 1.000676049912803123e+00
5.924614459380641165e+03 1.000313916399825365e+00
5.924634458890019232e+03 9.999074184969711787e-01
5.924654458399399118e+03 1.000617400376481614e+00
5.924674457908778095e+03 1.002429074781232776e+00
5.924694457418155253e+03 1.002769361855303742e+00
5.924714556925082434e+03 1.000588326412997109e+00
5.924734556434460501e+03 1.000167040387457407e+00
5.924754555943842206e+03 1.001313263760009065e+00
5.924774555453217545e+03 1.002888334535022352e+00
5.924794554962599250e+03 1.001187901316369810e+00
5.924814654469524612e+03 9.992508630307772588e-01
5.924834653978900860e+03 1.000411874847587423e+00
5.924854653488279837e+03 1.000715192435340128e+00
5.924874652997660633e+03 1.001040691884167666e+00
5.924894652507038700e+03 1.002771036537785987e+00
5.924914752013963152e+03 1.000981875350606121e+00
5.924934751523345767e+03 9.997176813355422853e-01
5.924954751032723834e+03 9.991485158730668559e-01
5.924974750542101901e+03 9.984166838364462171e-01
5.924994750051479969e+03 9.997403634658545979e-01
5.925014849558406240e+03 9.976332613248841685e-01
5.925034849067786126e+03 9.971528222924197493e-01
5.925054848577166013e+03 9.972786854770469001e-01
5.925074848086544080e+03 9.976263666829079391e-01
5.925094347608186581e+03 9.979222863043704095e-01
5.925114447115114672e+03 9.982329988869896864e-01
5.925134446624492739e+03 9.977377716771317351e-01
5.925154446133870806e+03 9.970946655491632615e-01
5.925174445643249783e+03 9.967916803912918455e-01
5.925194445152628759e+03 9.970210588151598996e-01
5.925214544659555031e+03 9.968068016685524002e-01
5.925234544168932189e+03 9.957644220546194580e-01
5.925254543678313894e+03 9.954688304116853237e-01
5.925274543187691052e+03 9.963193001431887019e-01
5.925294542697069119e+03 9.970514670176585659e-01
5.925314642203996300e+03 9.945894496614573477e-01
5.925334641713375277e+03 9.957061018224514504e-01
5.925354641222754253e+03 9.945084480253955084e-01
5.925374640732135049e+03 9.952184332289444324e-01
5.925394640241513116e+03 9.959801763350415449e-01
5.925414739748437569e+03 9.946937953669946486e-01
5.925434739257814726e+03 9.961283885316248865e-01
5.925454738767196432e+03 9.961655244694428424e-01
5.925474738276574499e+03 9.948347783105104813e-01
5.925494737785952566e+03 9.938663356766407331e-01
5.925514837292877928e+03 9.940365633579203442e-01
5.925534836802257814e+03 9.954785515660200534e-01
5.925554836311635881e+03 9.954343538357552923e-01
5.925574835821013949e+03 9.940296668031755045e-01
5.925594335342659178e+03 9.934604931746473522e-01
5.925614434849585450e+03 9.930022338175028551e-01
5.925634434358965336e+03 9.911982714495493063e-01
5.925654433868344313e+03 9.907695866051443589e-01
5.925674433377723290e+03 9.891061086842423133e-01
5.925694432887101357e+03 9.899491863384242141e-01
5.925714532394027628e+03 9.910806300119636703e-01
5.925734531903404786e+03 9.912582506726983489e-01
5.925754531412784672e+03 9.913767195948142152e-01
5.925774530922162739e+03 9.914804006036775919e-01
5.925794530431541716e+03 9.905932887199091486e-01
5.925814629938468897e+03 9.905047270208224841e-01
5.925834629447846964e+03 9.911629563978371360e-01
5.925854628957226851e+03 9.917620341471676815e-01
5.925874628466604008e+03 9.908009818933505297e-01
5.925894627975982985e+03 9.920359423379024877e-01
5.925914727482910166e+03 9.915776815774958175e-01
5.925934726992289143e+03 9.903504453225514537e-01
5.925954726501669029e+03 9.896259997689351717e-01
5.925974726011047096e+03 9.923915163893849423e-01
5.925994725520424254e+03 9.922733780634545031e-01
5.926014825027349616e+03 9.924805761126395121e-01
5.926034824536730412e+03 9.931609888825062571e-01
5.926054824046107569e+03 9.941667375750331548e-01
5.926074823555487455e+03 9.950689706810968982e-01
5.926094323077132685e+03 9.929544497521506363e-01
5.926114422584058048e+03 9.928067362363222070e-01
5.926134422093436115e+03 9.940712754634842829e-01
5.926154421602816001e+03 9.950326611420179379e-01
5.926174421112194977e+03 9.949514930718955652e-01
5.926194420621573954e+03 9.968297354284875178e-01
5.926214520128499316e+03 9.960461381790260971e-01
5.926234519637878293e+03 9.954399959364630401e-01
5.926254519147257270e+03 9.976287875400853267e-01
5.926274518656637156e+03 1.000216856231948004e+00
5.926294518166014313e+03 9.977474243905350981e-01
5.926314617672940585e+03 1.000069310468572503e+00
5.926334617182319562e+03 9.996480186443844618e-01
5.926354616691699448e+03 9.999143697567164368e-01
5.926374616201079334e+03 9.998405963667581497e-01
5.926394615710454673e+03 9.990791796435894989e-01
5.926414715217382764e+03 1.000166267322223357e+00
5.926434714726761740e+03 1.000883653702737686e+00
5.926454714236137988e+03 1.001231339433174661e+00
5.926474713745520603e+03 1.001882180057308558e+00
5.926494713254894123e+03 1.002096773703807786e+00
5.926514812761824032e+03 1.002363126406675242e+00
5.926534812271203009e+03 1.002555538134746849e+00
5.926554811780581076e+03 1.002725767854053096e+00
5.926574811289958234e+03 1.001446768696155010e+00
5.926594310811604373e+03 1.000737104971870739e+00
5.926614410318530645e+03 1.001558009733072963e+00
5.926634409827911441e+03 1.001802179682946825e+00
5.926654409337287689e+03 1.003037149743087664e+00
5.926674408846666665e+03 1.002076092915674899e+00
5.926694408356044732e+03 1.001299886580152565e+00
5.926714507862971004e+03 1.000900776541499893e+00
5.926734507372352709e+03 1.001115370439864760e+00
5.926754506881729867e+03 9.998659452322026242e-01
5.926774506391107934e+03 1.000605515688242741e+00
5.926794505900487820e+03 9.999845832670671841e-01
5.926814605407412273e+03 9.995189263097560284e-01
5.926834604916791250e+03 1.000095828169090151e+00
5.926854604426170226e+03 1.001774442539488108e+00
5.926874603935551022e+03 9.988761444505896980e-01
5.926894603444929089e+03 9.994456524430543887e-01
5.926914702951854451e+03 1.000163042380306955e+00
5.926934702461232519e+03 1.000769521012206731e+00
5.926954701970611495e+03 1.001546062962658246e+00
