5.944635858132727662e+03 1.001506309145757223e+00
5.944655856907694215e+03 1.001386440005464173e+00
5.944675855682658039e+03 9.998738324056867244e-01
5.944695954451497528e+03 9.994881594503297606e-01
5.944715953226458623e+03 9.996662469861796740e-01
5.944735952001424266e+03 9.993613519561740377e-01
5.944755950776389909e+03 9.995555273789940021e-01
5.944775949551351914e+03 9.974236185579524738e-01
5.944796048320194132e+03 9.978671288572490417e-01
5.944816047095158865e+03 1.000395241738520680e+00
5.944836045870123598e+03 9.986257360070338596e-01
5.944856044645084694e+03 9.985462988549800301e-01
5.944876043420050337e+03 9.976782864661729588e-01
5.944896142188892554e+03 9.979446608030664301e-01
5.944915640994478963e+03 9.990411660369763469e-01
5.944935639769441877e+03 9.973365078470149969e-01
5.944955638544408430e+03 9.960905905543058214e-01
5.944975637319372254e+03 9.954642464767728960e-01
5.944995736088212652e+03 9.967523149060585341e-01
5.945015734863174657e+03 9.969947632018285599e-01
5.945035733638140300e+03 9.947355896697507305e-01
5.945055732413102305e+03 9.951309346299584968e-01
5.945075731188067948e+03 9.951240941849402999e-01
5.945095829956908347e+03 9.946988050511590407e-01
5.945115828731872170e+03 9.938958081030934144e-01
5.945135827506835994e+03 9.919670320395441721e-01
5.945155826281800728e+03 9.905128838443100214e-01
5.945175825056765461e+03 9.870888128465974409e-01
5.945195923825604041e+03 9.839864606545082326e-01
5.945215922600566046e+03 9.822836478272760630e-01
5.945235921375533508e+03 9.799619223179428795e-01
5.945255920150497332e+03 9.783478962428073800e-01
5.945275918925461156e+03 9.765410831572580719e-01
5.945296017694302463e+03 9.731023385293485761e-01
5.945316016469264468e+03 9.724936667297434667e-01
5.945336015244229202e+03 9.740070900778710072e-01
5.945356014019193026e+03 9.747567948848674391e-01
5.945376012794157759e+03 9.740516849924090170e-01
5.945396111562996339e+03 9.760146559270265199e-01
5.945415610368587295e+03 9.793450333182588396e-01
5.945435609143553847e+03 9.812836933517951055e-01
5.945455607918515852e+03 9.833346710369416099e-01
5.945475606693480586e+03 9.833926835265462962e-01
5.945495705462320984e+03 9.834906335406362610e-01
5.945515704237282989e+03 9.842315755674773126e-01
5.945535703012246813e+03 9.845868049006331058e-01
5.945555701787212456e+03 9.871513098012865139e-01
5.945575700562176280e+03 9.930414297376434218e-01
5.945595799331015769e+03 9.953560330195254657e-01
5.945615798105978683e+03 9.928831571427603198e-01
5.945635796880944326e+03 9.945230685873763798e-01
5.945655795655909060e+03 9.957130361994492862e-01
5.945675794430872884e+03 9.950556300639927798e-01
5.945695893199710554e+03 9.959239780090838323e-01
5.945715891974673468e+03 9.961660757706860547e-01
5.945735890749640930e+03 9.974440769077911328e-01
5.945755889524602935e+03 1.000697351106969224e+00
5.945775888299568578e+03 9.993011364663213492e-01
5.945795987068408976e+03 1.000466163426553923e+00
5.945815985843371891e+03 9.999211575017041831e-01
5.945835984618336624e+03 9.987660345340586554e-01
5.945855983393301358e+03 9.991443990658183116e-01
5.945875982168264272e+03 9.991775337053698802e-01
5.945896080937103761e+03 9.990579092458120591e-01
5.945915579742694717e+03 1.000320359330054254e+00
5.945935578517659451e+03 1.000827007163263005e+00
5.945955577292620546e+03 1.001606500759019802e+00
5.945975576067587099e+03 1.002353817560268645e+00
5.945995674836427497e+03 1.000476484900703511e+00
5.946015673611392231e+03 1.000878704188685520e+00
5.946035672386354236e+03 9.997642069993819547e-01
