5.946414224596275744e+03 9.995210372029095236e-01
5.946434224105652902e+03 9.955644774519017970e-01
5.946454223615032788e+03 9.973523627961200511e-01
5.946474223124411765e+03 9.987991826830476816e-01
5.946494222633789832e+03 9.960109052073230496e-01
5.946514322140717013e+03 9.974138153318661271e-01
5.946534321650095990e+03 9.973377222494380634e-01
5.946554321159474966e+03 9.977619047242893835e-01
5.946574320668851215e+03 9.993025014376987203e-01
5.946593820190499173e+03 9.999020383641674670e-01
5.946613919697421807e+03 9.997385166409130663e-01
5.946633919206800783e+03 9.966179578116847182e-01
5.946653918716182488e+03 9.983032082925510364e-01
5.946673918225560556e+03 9.997780721419067262e-01
5.946693917734936804e+03 9.985423371538620918e-01
5.946714017241864894e+03 9.990021647173312758e-01
5.946734016751242962e+03 9.974333057613490316e-01
5.946754016260621938e+03 9.970094710746252309e-01
5.946774015770001824e+03 9.937527713475710067e-01
5.946794015279379892e+03 9.950752297968306070e-01
5.946814114786305254e+03 9.952888222212878944e-01
5.946834114295684230e+03 9.915692194532753634e-01
5.946854113805064117e+03 9.903056306218265270e-01
5.946874113314443093e+03 9.882816749662839406e-01
5.946894112823821160e+03 9.866201009046442483e-01
5.946914212330746523e+03 9.806131194994864853e-01
5.946934211840127318e+03 9.815447657381486390e-01
5.946954211349504476e+03 9.777042883775325377e-01
5.946974210858884362e+03 9.751024690017743302e-01
5.946994210368262429e+03 9.752161191956636443e-01
5.947014309875188701e+03 9.728823530623437188e-01
5.947034309384567678e+03 9.704767806544045694e-01
5.947054308893945745e+03 9.706848038535058620e-01
5.947074308403324721e+03 9.704512467107837548e-01
5.947093807924970861e+03 9.712977015079160559e-01
5.947113907431894404e+03 9.716645677541156934e-01
5.947133906941273381e+03 9.740219401610840100e-01
5.947153906450654176e+03 9.748303402023272834e-01
5.947173905960033153e+03 9.711376083110505597e-01
5.947193905469410311e+03 9.704916630834137248e-01
5.947214004976336582e+03 9.706992872878305034e-01
5.947234004485716468e+03 9.689681925444872945e-01
5.947254003995095445e+03 9.709848351634954300e-01
5.947274003504471693e+03 9.725237754493754050e-01
5.947294003013854308e+03 9.758998890444150476e-01
5.947314102520777851e+03 9.799335125565663551e-01
5.947334102030156828e+03 9.853556410999683157e-01
5.947354101539536714e+03 9.880938922708670802e-01
5.947374101048914781e+03 9.889659695616799251e-01
5.947394100558293758e+03 9.927305324259543262e-01
5.947414200065217301e+03 9.936380670055073860e-01
5.947434199574599006e+03 9.970837324954735514e-01
5.947454199083978892e+03 9.967114583155124441e-01
5.947474198593356050e+03 9.983273975065353190e-01
5.947494198102734117e+03 9.977020695536067407e-01
5.947514297609659479e+03 9.949150990119095539e-01
5.947534297119038456e+03 9.972970574898545326e-01
5.947554296628419252e+03 1.000842417837120468e+00
5.947574296137797319e+03 1.000679649103386248e+00
5.947593795659440730e+03 1.000431715345875272e+00
5.947613895166367911e+03 1.000695053682551405e+00
5.947633894675748707e+03 9.986896575828800859e-01
5.947653894185125864e+03 9.982597117819614896e-01
5.947673893694503931e+03 1.001847062790495402e+00
5.947693893203880179e+03 1.002702993339907200e+00
5.947713992710808270e+03 9.996862496320297886e-01
5.947733992220189066e+03 9.996608897727619070e-01
5.947753991729568043e+03 9.997222151891419495e-01
5.947773991238944291e+03 9.998702098902110258e-01
5.947793990748324177e+03 1.000726000655948411e+00
5.947814090255250449e+03 1.001913597334107786e+00
