5.948095646201553791e+03 9.999845959467094092e-01
5.948115644976517615e+03 1.000002759785001416e+00
5.948135643751483258e+03 1.000575476594657731e+00
5.948155642526446172e+03 9.997658332162050465e-01
5.948175641301410906e+03 9.994384249478782678e-01
5.948195740070252214e+03 9.993761249936818913e-01
5.948215738845217857e+03 9.994344824706384856e-01
5.948235737620177133e+03 9.981266965618079690e-01
5.948255736395145505e+03 9.978556054732845570e-01
5.948275735170107509e+03 9.991273942038009226e-01
5.948295833938946998e+03 9.987035071172907230e-01
5.948315832713911732e+03 9.978217301893598234e-01
5.948335831488875556e+03 9.977435160172662965e-01
5.948355830263839380e+03 9.984929167125173866e-01
5.948375829038805023e+03 9.984387961559894054e-01
5.948395927807643602e+03 9.986336441352132720e-01
5.948415426613233649e+03 9.971499256825367974e-01
5.948435425388198382e+03 9.956898262073641259e-01
5.948455424163160387e+03 9.938120137914744356e-01
5.948475422938126030e+03 9.927376845171665964e-01
5.948495521706965519e+03 9.920569510016961079e-01
5.948515520481930253e+03 9.909586071144574904e-01
5.948535519256895896e+03 9.875386383313209393e-01
5.948555518031857900e+03 9.853800475675298376e-01
5.948575516806822634e+03 9.834384461569884994e-01
5.948595615575662123e+03 9.822840505362896435e-01
5.948615614350625037e+03 9.826560392204127803e-01
5.948635613125590680e+03 9.834537387952519971e-01
5.948655611900555414e+03 9.820746202007293313e-01
5.948675610675517419e+03 9.804385309704691798e-01
5.948695709444357817e+03 9.811959588818327527e-01
5.948715708219322551e+03 9.787889010479177143e-01
5.948735706994287284e+03 9.797632960467442809e-01
5.948755705769254746e+03 9.815970215745088989e-01
5.948775704544216751e+03 9.844426165448181276e-01
5.948795803313055330e+03 9.869827933251089647e-01
5.948815802088018245e+03 9.828492100639585338e-01
5.948835800862983888e+03 9.835102072634870352e-01
5.948855799637947712e+03 9.873191869887428807e-01
5.948875798412909717e+03 9.895138758466089923e-01
5.948895897181751025e+03 9.901344229086556092e-01
5.948915395987341981e+03 9.929156974445146888e-01
5.948935394762304895e+03 9.965474787506266585e-01
5.948955393537271448e+03 9.963408742932509110e-01
5.948975392312234362e+03 9.991614326872079177e-01
5.948995491081074761e+03 9.992999347932468579e-01
5.949015489856038585e+03 9.973107945926203977e-01
5.949035488631002409e+03 9.996574314695702013e-01
5.949055487405968051e+03 1.000558767249308589e+00
5.949075486180929147e+03 9.993083715691752911e-01
5.949095584949767726e+03 9.999687099801363166e-01
5.949115583724732460e+03 1.001391822374025686e+00
5.949135582499698103e+03 1.001650787559163147e+00
5.949155581274661927e+03 9.982008081482595108e-01
5.949175580049626660e+03 9.983474429592098520e-01
5.949195678818466149e+03 9.996338866230438658e-01
5.949215677593432702e+03 9.993389732442437001e-01
5.949235676368394707e+03 1.000785994334171924e+00
5.949255675143358530e+03 1.001606837296176389e+00
5.949275673918324173e+03 9.999874562654068599e-01
