5.958574026296189004e+03 1.002100128450202465e+00
5.958593525817833324e+03 1.003496002766167905e+00
5.958613625324755048e+03 1.002104856335475525e+00
5.958633624834139482e+03 1.004519813255808414e+00
5.958653624343516640e+03 1.004088111517688509e+00
5.958673623852893797e+03 1.002785529291605471e+00
5.958693623362274593e+03 1.000554450787310756e+00
5.958713722869200865e+03 1.000209869727402667e+00
5.958733722378578932e+03 1.000758603459207530e+00
5.958753721887958818e+03 9.995009956975369203e-01
5.958773721397337795e+03 9.964669740943838949e-01
5.958793720906714043e+03 9.974366350404497705e-01
5.958813820413642134e+03 9.963316376245028305e-01
5.958833819923020201e+03 9.932852022873616127e-01
5.958853819432399177e+03 9.916458136255864586e-01
5.958873818941777245e+03 9.928982422860935797e-01
5.958893818451158040e+03 9.936213600845653637e-01
5.958913917958082493e+03 9.920398613614467287e-01
5.958933917467459651e+03 9.903655856620310338e-01
5.958953916976840446e+03 9.897925642001798030e-01
5.958973916486218513e+03 9.898641097394941246e-01
5.958993915995597490e+03 9.880679930291784707e-01
5.959014015502522852e+03 9.876033845091918284e-01
5.959034015011901829e+03 9.883627306431832515e-01
5.959054014521282625e+03 9.883910624656903066e-01
5.959074014030660692e+03 9.840862119625684024e-01
5.959093513552304103e+03 9.867883261569899700e-01
5.959113613059232193e+03 9.877778816340738732e-01
5.959133612568608442e+03 9.870254173765122818e-01
5.959153612077987418e+03 9.874587892571550229e-01
5.959173611587366395e+03 9.906747696326276831e-01
5.959193611096746281e+03 9.923359225223066238e-01
5.959213710603672553e+03 9.931069424232008558e-01
5.959233710113051529e+03 9.941097169628213548e-01
5.959253709622430506e+03 9.968890242157006920e-01
5.959273709131809483e+03 9.975297333501582653e-01
5.959293708641187550e+03 9.963650744442942297e-01
5.959313808148112003e+03 9.972935931982697122e-01
5.959333807657492798e+03 9.994136381942926306e-01
5.959353807166869956e+03 9.991297235746718908e-01
5.959373806676248932e+03 9.987232382064897829e-01
5.959393806185627909e+03 9.997020794340962802e-01
5.959413905692554181e+03 1.000650895966508802e+00
5.959433905201932248e+03 1.000092909690163179e+00
5.959453904711312134e+03 9.983957945895655106e-01
5.959473904220692020e+03 1.000325710360459253e+00
5.959493903730069178e+03 9.996527288855006077e-01
5.959514003236995450e+03 1.000067425480734240e+00
5.959534002746376245e+03 9.987966177281670799e-01
