5.972993572560822940e+03 1.001375194716939587e+00
5.973013672067748303e+03 9.990340844478641236e-01
5.973033671577128189e+03 1.000373741584792642e+00
5.973053671086507165e+03 1.000986062168735424e+00
5.973073670595885233e+03 1.001414720714716600e+00
5.973093170117530462e+03 1.001894221127128448e+00
5.973113269624454006e+03 9.994279204772572589e-01
5.973133269133833892e+03 9.988131254839710538e-01
5.973153268643212868e+03 9.988008683763841544e-01
5.973173268152592755e+03 9.990752048401609908e-01
5.973193267661970822e+03 9.990041632055129961e-01
5.973213367168895275e+03 9.975663386575269742e-01
5.973233366678276070e+03 9.973115283587374869e-01
5.973253366187655047e+03 9.975638067067151837e-01
5.973273365697033114e+03 9.977573014653908778e-01
5.973293365206413910e+03 9.963412311832180457e-01
5.973313464713337453e+03 9.971375138198368404e-01
5.973333464222716430e+03 9.971619615241702483e-01
5.973353463732098135e+03 9.955767173084218991e-01
5.973373463241474383e+03 9.925727725549829961e-01
5.973393462750853359e+03 9.918326517578085477e-01
5.973413562257779631e+03 9.912690337136906837e-01
5.973433561767158608e+03 9.904479841379300042e-01
5.973453561276537584e+03 9.883331008495925829e-01
5.973473560785917471e+03 9.899378605837696465e-01
5.973493560295294628e+03 9.896827797993423825e-01
5.973513659802219991e+03 9.886705887449767083e-01
5.973533659311599877e+03 9.872979873493670233e-01
5.973553658820980672e+03 9.875868705769185185e-01
5.973573658330356920e+03 9.868317581430787744e-01
5.973593157852003060e+03 9.868038872591231581e-01
5.973613257358925694e+03 9.872325982182275084e-01
5.973633256868306489e+03 9.871832823624984155e-01
5.973653256377683647e+03 9.855310320731750506e-01
5.973673255887065352e+03 9.860846241993213024e-01
5.973693255396442510e+03 9.862558738460834862e-01
5.973713354903369691e+03 9.845668322944156614e-01
5.973733354412749577e+03 9.863779102237160146e-01
5.973753353922126735e+03 9.870492376701883730e-01
5.973773353431506621e+03 9.880368190875010725e-01
5.973793352940882869e+03 9.898113441012819091e-01
5.973813452447810050e+03 9.938659239699195735e-01
5.973833451957187208e+03 9.940962289816941411e-01
5.973853451466568004e+03 9.944442203906643796e-01
5.973873450975946980e+03 9.954321036413085189e-01
5.973893450485325047e+03 9.975306499641557467e-01
5.973913549992249500e+03 9.964740211422743466e-01
5.973933549501631205e+03 9.980578160611958127e-01
5.973953549011008363e+03 9.989943951150500601e-01
5.973973548520388249e+03 9.989894791770432825e-01
5.973993548029766316e+03 9.991390381575134816e-01
5.974013647536693497e+03 9.986634542093526523e-01
5.974033647046071565e+03 9.983863451003661682e-01
5.974053646555451451e+03 9.989405078728128551e-01
5.974073646064827699e+03 1.001392723846606714e+00
5.974093145586473838e+03 1.001173901698387381e+00
5.974113245093401019e+03 1.000352527739130970e+00
5.974133244602778177e+03 1.000193141051631818e+00
5.974153244112155335e+03 1.000467833509557369e+00
5.974173243621538859e+03 1.000330514269608395e+00
5.974193243130915107e+03 9.998694462441075625e-01
