5.974953524479954467e+03 9.995802747938316024e-01
5.974973523989331625e+03 9.974182349179324669e-01
5.974993523498713330e+03 1.002003787201971141e+00
5.975013623005638692e+03 9.982941475081751337e-01
5.975033622515014940e+03 9.971887584044842878e-01
5.975053622024395736e+03 9.965454864553531245e-01
5.975073621533772894e+03 1.002162931086931330e+00
5.975093121055420852e+03 1.001287251119445942e+00
5.975113220562343486e+03 1.000122865709727193e+00
5.975133220071722462e+03 9.995455169136975293e-01
5.975153219581100529e+03 9.990415648841231011e-01
5.975173219090480416e+03 1.000098411306023394e+00
5.975193218599860302e+03 9.998436065969453779e-01
5.975213318106786573e+03 9.992660175058993843e-01
5.975233317616164641e+03 9.987037001578661366e-01
5.975253317125546346e+03 9.987347612360003568e-01
5.975273316634921684e+03 9.976379959889335458e-01
5.975293316144300661e+03 9.967098764751965989e-01
5.975313415651226023e+03 9.946758161043651736e-01
5.975333415160605000e+03 9.912589452890195885e-01
5.975353414669984886e+03 9.919935179844250328e-01
5.975373414179363863e+03 9.904734401940330502e-01
5.975393413688742839e+03 9.894952813027682037e-01
5.975413513195668202e+03 9.881435869078959433e-01
5.975433512705048997e+03 9.842168701212871129e-01
5.975453512214427974e+03 9.828737971717182997e-01
5.975473511723806041e+03 9.813627247966009159e-01
5.975493511233185018e+03 9.792594114414867601e-01
5.975513610740110380e+03 9.768268713170842332e-01
5.975533610249486628e+03 9.776646319731838730e-01
5.975553609758868333e+03 9.759572411260247771e-01
5.975573609268246400e+03 9.763927380541688184e-01
5.975593108789892540e+03 9.776202729145848647e-01
5.975613208296816083e+03 9.780184696504911068e-01
5.975633207806195060e+03 9.779784647151719135e-01
5.975653207315575855e+03 9.795392497538673027e-01
5.975673206824953922e+03 9.794406309413683509e-01
5.975693206334332899e+03 9.785819973378611092e-01
5.975713305841258261e+03 9.839707802733750341e-01
5.975733305350638148e+03 9.881460831325518113e-01
5.975753304860015305e+03 9.901287997593556378e-01
5.975773304369394282e+03 9.916143721414687473e-01
5.975793303878775077e+03 9.930777331970557231e-01
5.975813403385700440e+03 9.956577530206868198e-01
5.975833402895078507e+03 9.976754322993510726e-01
5.975853402404458393e+03 9.980351197042566236e-01
5.975873401913837370e+03 9.977741156249787524e-01
5.975893401423214527e+03 1.000141407809195249e+00
5.975913500930139890e+03 1.000960133846230837e+00
5.975933500439518866e+03 1.000465342048393547e+00
5.975953499948898752e+03 9.998173825378982027e-01
5.975973499458276819e+03 9.996730977609108448e-01
5.975993498967654887e+03 1.001032025225922828e+00
5.976013598474582068e+03 1.000011593915857588e+00
5.976033597983960135e+03 9.994806719839181008e-01
5.976053597493340931e+03 1.000036782552329306e+00
5.976073597002719907e+03 1.002737237679065307e+00
5.976093096524362409e+03 1.004542593559286878e+00
5.976113196031287771e+03 1.001793971647805259e+00
5.976133195540668567e+03 9.997828872010268153e-01
5.976153195050047543e+03 9.994345898723809851e-01
