5.985652962005020527e+03 1.000191309072252732e+00
5.985672961514399503e+03 1.000242952162909704e+00
5.985692961023777571e+03 1.000002619492440514e+00
5.985713060530703842e+03 1.000032260395397055e+00
5.985733060040082819e+03 9.999306243657176685e-01
5.985753059549460886e+03 9.998508894404105618e-01
5.985773059058840772e+03 9.990631823694520186e-01
5.985793058568219749e+03 9.989104840211204817e-01
5.985813158075146930e+03 9.996043008598857194e-01
5.985833157584523178e+03 1.000823668850886916e+00
5.985853157093903064e+03 9.997002965689313347e-01
5.985873156603281132e+03 9.996935570228494550e-01
5.985893156112662837e+03 1.000088195977471894e+00
5.985913255619586380e+03 1.000475413850121065e+00
5.985933255128965357e+03 1.000417576327633729e+00
5.985953254638344333e+03 9.991264951598876065e-01
5.985973254147724219e+03 9.992803067983305754e-01
5.985993253657102287e+03 9.987919756893403056e-01
5.986013353164028558e+03 9.985662455556858497e-01
5.986033352673407535e+03 9.982749615308342817e-01
5.986053352182784693e+03 9.974291533541194132e-01
5.986073351692164579e+03 9.963790827671091810e-01
5.986092851213808899e+03 9.957162881219580042e-01
5.986112950720735171e+03 9.959721893796431580e-01
5.986132950230114147e+03 9.956299209388522753e-01
5.986152949739492215e+03 9.939744303274038462e-01
5.986172949248872101e+03 9.933112127713757955e-01
5.986192948758250168e+03 9.929763188747292579e-01
5.986213048265175530e+03 9.946840155664257166e-01
5.986233047774555416e+03 9.938165619663841266e-01
5.986253047283935302e+03 9.915630989825501285e-01
5.986273046793313370e+03 9.922860213400722662e-01
5.986293046302693256e+03 9.946866872272194238e-01
5.986313145809616799e+03 9.928417372592813761e-01
5.986333145318995776e+03 9.925069044388864503e-01
5.986353144828376571e+03 9.926535034429528892e-01
5.986373144337755548e+03 9.925229225312751646e-01
5.986393143847134525e+03 9.935083127949525528e-01
5.986413243354058977e+03 9.936620692726618742e-01
5.986433242863437044e+03 9.943848245130962882e-01
5.986453242372816931e+03 9.945678356553271371e-01
5.986473241882196817e+03 9.942038439589823140e-01
5.986493241391573974e+03 9.939346784026666937e-01
5.986513340898497518e+03 9.961669028485714561e-01
5.986533340407879223e+03 9.959779280454800210e-01
5.986553339917258199e+03 9.956139379338199147e-01
5.986573339426637176e+03 9.957896077985033401e-01
5.986592838948281496e+03 9.967825431523217317e-01
5.986612938455207768e+03 9.976143711711855655e-01
5.986632937964588564e+03 9.966305552910320609e-01
5.986652937473963902e+03 9.980458073756357518e-01
5.986672936983344698e+03 9.993589152305002443e-01
5.986692936492720946e+03 9.996438571320407362e-01
5.986713035999647218e+03 9.984849822887644777e-01
5.986733035509027104e+03 9.984418247015643955e-01
5.986753035018409719e+03 9.992298538151637155e-01
5.986773034527785057e+03 9.986471530177746248e-01
5.986793034037163125e+03 9.981811297338566424e-01
5.986813133544091215e+03 9.986700922752448362e-01
5.986833133053468373e+03 9.985248694549904158e-01
5.986853132562848259e+03 9.984088142321815296e-01
5.986873132072227236e+03 9.978407741220542970e-01
5.986893131581605303e+03 9.991025497569419045e-01
5.986913231088530665e+03 1.000356875313442195e+00
5.986933230597909642e+03 1.000743780415132234e+00
5.986953230107287709e+03 1.001611778725416180e+00
5.986973229616668505e+03 9.980623738511230636e-01
5.986993229126046572e+03 9.993896139595073169e-01
5.987013328632972843e+03 1.000753136393890186e+00
5.987033328142350001e+03 1.000287189254558617e+00
5.987053327651730797e+03 9.992017173975096256e-01
5.987073327161108864e+03 1.000062349756649649e+00
