5.987053327651730797e+03 9.993761460931616103e-01
5.987073327161108864e+03 1.000423962512032139e+00
5.987092826682755003e+03 1.001227326523014938e+00
5.987112926189681275e+03 1.000927298747181338e+00
5.987132925699058433e+03 1.000247008738566867e+00
5.987152925208436500e+03 1.000186656522992878e+00
5.987172924717816386e+03 1.001096819069919874e+00
5.987192924227194453e+03 1.001708045016022952e+00
5.987213023734120725e+03 1.000422384699037215e+00
5.987233023243499701e+03 1.000099184639090977e+00
5.987253022752879588e+03 1.001031839372213517e+00
5.987273022262256745e+03 1.001614243024107953e+00
5.987293021771637541e+03 1.001276467452981267e+00
5.987313121278562903e+03 1.001779571074461916e+00
5.987333120787940061e+03 1.001967809889661387e+00
5.987353120297319037e+03 1.001629921145690716e+00
5.987373119806700743e+03 1.000743714530239803e+00
5.987393119316077900e+03 1.000259295833096695e+00
5.987413218823002353e+03 9.989931798868409984e-01
5.987433218332383149e+03 9.977477502186581360e-01
5.987453217841759397e+03 9.982500133113922924e-01
5.987473217351139283e+03 9.992718409308186667e-01
5.987493216860519169e+03 9.987136020479172593e-01
5.987513316367446350e+03 9.980681912426647706e-01
5.987533315876824418e+03 9.987245394095056739e-01
5.987553315386204304e+03 9.966286542825183448e-01
5.987573314895580552e+03 9.952715488240917452e-01
5.987592814417226691e+03 9.953011798121527143e-01
5.987612913924152963e+03 9.939076123412122765e-01
5.987632913433531030e+03 9.946297333107004812e-01
5.987652912942909097e+03 9.922163879300194278e-01
5.987672912452291712e+03 9.915169044449486657e-01
5.987692911961668869e+03 9.908978043306575501e-01
5.987713011468594232e+03 9.889159263367656161e-01
5.987733010977972299e+03 9.884208162034212597e-01
5.987753010487351276e+03 9.867230061846683498e-01
5.987773009996729343e+03 9.868213968649763856e-01
5.987793009506107410e+03 9.858269091438208731e-01
5.987813109013036410e+03 9.840259279802131553e-01
5.987833108522413568e+03 9.828838913541716460e-01
5.987853108031790725e+03 9.807434175737664850e-01
5.987873107541170612e+03 9.827712724185756477e-01
5.987893107050550498e+03 9.837940732792426202e-01
5.987913206557476769e+03 9.841278574625474951e-01
5.987933206066854837e+03 9.840717234465464758e-01
5.987953205576235632e+03 9.837511578797822898e-01
5.987973205085611880e+03 9.896451966023227520e-01
5.987993204594989948e+03 9.895164798161895092e-01
5.988013304101918038e+03 9.875367342344610888e-01
5.988033303611296105e+03 9.871209825654412295e-01
5.988053303120674173e+03 9.890573816553943631e-01
5.988073302630054968e+03 9.878183036303411768e-01
5.988092802151698379e+03 9.881041841444800911e-01
5.988112901658624651e+03 9.905426442264243514e-01
5.988132901168004537e+03 9.913848846404632598e-01
5.988152900677381695e+03 9.918448400884576355e-01
5.988172900186760671e+03 9.943431850492600033e-01
5.988192899696140557e+03 9.947007537931469301e-01
5.988212999203066829e+03 9.945734651476418886e-01
5.988232998712444896e+03 9.951962203800396312e-01
5.988252998221823873e+03 9.951712225610270801e-01
5.988272997731201031e+03 9.948884606952002052e-01
5.988292997240580917e+03 9.964101869668956502e-01
5.988313096747507188e+03 9.956568881929639403e-01
5.988333096256886165e+03 9.975623936890658516e-01
5.988353095766262413e+03 9.984441958669467709e-01
5.988373095275643209e+03 1.001751215284824914e+00
5.988393094785022186e+03 1.006909668107694777e+00
5.988413194291948457e+03 1.007971272603240154e+00
5.988433193801326524e+03 1.004504570183051948e+00
5.988453193310706411e+03 1.000254898775263523e+00
5.988473192820085387e+03 9.973685042544131463e-01
5.988493192329462545e+03 9.960674120901500395e-01
5.988513291836388817e+03 9.964934599944412774e-01
5.988533291345768703e+03 9.988967843659845025e-01
5.988553290855146770e+03 9.973664562282035240e-01
5.988573290364526656e+03 9.986411380551534211e-01
5.988592789886170067e+03 9.987675083158762401e-01
5.988612889393095429e+03 9.983598102798707519e-01
5.988632888902476225e+03 9.997239324667954730e-01
5.988652888411853382e+03 9.986061805945717351e-01
5.988672887921233269e+03 9.988845977947318211e-01
5.988692887430609517e+03 9.999021442346687216e-01
5.988712986937538517e+03 9.997160379170857425e-01
5.988732986446919313e+03 9.989893500334999787e-01
5.988752985956297380e+03 1.000606346120405998e+00
5.988772985465674537e+03 1.000515560673858273e+00
