5.988633163054209035e+03 1.000002724030478074e+00
5.988653161829176497e+03 1.000310919931741260e+00
5.988673160604141231e+03 1.000859174345182900e+00
5.988693259372978901e+03 1.002474655654244096e+00
5.988713258147943634e+03 1.002500913289654072e+00
5.988733256922908367e+03 1.002196070768305081e+00
5.988753255697874010e+03 1.001734066178202376e+00
5.988773254472836015e+03 1.001239090689132416e+00
5.988793353241675504e+03 1.000495341965933482e+00
5.988813352016639328e+03 9.978580382141577498e-01
5.988833350791604971e+03 9.979676364668790267e-01
5.988853349566569705e+03 9.981681801005938270e-01
5.988873348341532619e+03 9.977484717708138273e-01
5.988893447110373017e+03 9.981053942135434953e-01
5.988912945915962155e+03 9.970031113452560989e-01
5.988932944690925069e+03 9.996586472453349304e-01
5.988952943465890712e+03 9.967512837068165377e-01
5.988972942240855446e+03 9.944562328524276795e-01
5.988993041009694025e+03 9.938962422925258222e-01
5.989013039784656939e+03 9.928579428265579265e-01
5.989033038559623492e+03 9.906139515792408146e-01
5.989053037334586406e+03 9.884779503486397223e-01
5.989073036109550230e+03 9.863425421566466289e-01
5.989093134878389719e+03 9.849914313892064177e-01
5.989113133653355362e+03 9.837156793503958330e-01
5.989133132428318277e+03 9.823990096533403715e-01
5.989153131203283920e+03 9.812807841273541998e-01
5.989173129978247744e+03 9.804764500882962031e-01
5.989193228747086323e+03 9.800924612833973315e-01
5.989213227522051056e+03 9.800887509834661504e-01
5.989233226297014880e+03 9.811738701890543313e-01
5.989253225071979614e+03 9.824071458220200448e-01
5.989273223846945257e+03 9.824361050606544854e-01
5.989293322615784746e+03 9.835774879868862675e-01
5.989313321390746751e+03 9.832188053121118099e-01
5.989333320165711484e+03 9.832806148798989287e-01
5.989353318940676218e+03 9.846858284989397081e-01
5.989373317715640951e+03 9.858022297607080819e-01
5.989393416484479530e+03 9.845034506447650768e-01
5.989412915290070487e+03 9.864797747281242035e-01
5.989432914065033401e+03 9.882379807350301082e-01
5.989452912839998135e+03 9.903004398391237473e-01
5.989472911614964687e+03 9.907894389836096050e-01
5.989493010383803266e+03 9.902895526058245190e-01
5.989513009158767090e+03 9.918980734981008851e-01
5.989533007933732733e+03 9.937366360199412219e-01
5.989553006708695648e+03 9.947104917062387086e-01
5.989573005483659472e+03 9.950257322725744036e-01
5.989593104252500780e+03 9.960395961686910882e-01
5.989613103027461875e+03 9.979752986488839017e-01
5.989633101802427518e+03 9.995649787998014402e-01
5.989653100577392252e+03 9.994845888690989666e-01
5.989673099352355166e+03 1.000333494948564494e+00
5.989693198121194655e+03 1.000918356513351037e+00
5.989713196896159388e+03 1.000673388377861350e+00
5.989733195671122303e+03 1.000017476493175961e+00
5.989753194446087036e+03 1.000200095817102453e+00
5.989773193221050860e+03 9.995197780164312151e-01
5.989793291989891259e+03 1.000194738580601594e+00
5.989813290764853264e+03 1.000746967359873452e+00
5.989833289539819816e+03 1.000231150222498977e+00
5.989853288314783640e+03 9.995429939155209276e-01
5.989873287089748374e+03 1.001162687242929117e+00
5.989893385858587862e+03 9.993489741675820603e-01
