5.994692740244280685e+03 9.987218672283048049e-01
5.994712839751206047e+03 9.992873331746500165e-01
5.994732839260585024e+03 1.000827114788595651e+00
5.994752838769964910e+03 1.002286872122761796e+00
5.994772838279342977e+03 1.002168924721215104e+00
5.994792837788721954e+03 1.001440284848828410e+00
5.994812937295648226e+03 1.001351354693866824e+00
5.994832936805025383e+03 1.002243952854173337e+00
5.994852936314404360e+03 1.001835220483419997e+00
5.994872935823783337e+03 1.002829558429492618e+00
5.994892935333161404e+03 1.001286771115500907e+00
5.994913034840088585e+03 1.001750332446057268e+00
5.994933034349466652e+03 1.001625140418515691e+00
5.994953033858846538e+03 1.000663988083196454e+00
5.994973033368224606e+03 1.000538817822552495e+00
5.994993032877603582e+03 1.002812428871835637e+00
5.995013132384529854e+03 9.994016028195449319e-01
5.995033131893908831e+03 1.000475809112354675e+00
5.995053131403285988e+03 1.000997561990323304e+00
5.995073130912664965e+03 1.000021976359430687e+00
5.995092630434311104e+03 9.987270136318007197e-01
5.995112729941236466e+03 9.991542012945916484e-01
5.995132729450616353e+03 9.979025008391084750e-01
5.995152728959995329e+03 9.996234880533831912e-01
5.995172728469373396e+03 9.997018589153623402e-01
5.995192727978752373e+03 9.989444244030414310e-01
5.995212827485679554e+03 9.976999957892536131e-01
5.995232826995057621e+03 9.968626744491390079e-01
5.995252826504436598e+03 9.980384776468618213e-01
5.995272826013814665e+03 9.978261729643782552e-01
5.995292825523194551e+03 9.972723137526913195e-01
5.995312925030119004e+03 9.968419336970431033e-01
5.995332924539497981e+03 9.966369259326569585e-01
5.995352924048878776e+03 9.963592557471261379e-01
5.995372923558255025e+03 9.958999247059995286e-01
5.995392923067634911e+03 9.957530757894567097e-01
5.995413022574561182e+03 9.945016341168360086e-01
5.995433022083939250e+03 9.955683089406502928e-01
5.995453021593318226e+03 9.945640461531366494e-01
5.995473021102697203e+03 9.947514743474425991e-01
5.995493020612075270e+03 9.951496133158401758e-01
5.995513120119003361e+03 9.938546870211868445e-01
5.995533119628380518e+03 9.924436289947421441e-01
5.995553119137761314e+03 9.960023837677911551e-01
5.995573118647137562e+03 9.919393838811461084e-01
5.995592618168783702e+03 9.923452017858249707e-01
5.995612717675708154e+03 9.923146036626602218e-01
5.995632717185086221e+03 9.923349434977589700e-01
5.995652716694467017e+03 9.946583380706865984e-01
5.995672716203845084e+03 9.942572672946315970e-01
5.995692715713224970e+03 9.931660417142501585e-01
5.995712815220150333e+03 9.924380118389451999e-01
5.995732814729530219e+03 9.915284682703479069e-01
5.995752814238907376e+03 9.931034380417042007e-01
5.995772813748286353e+03 9.951578112692585076e-01
5.995792813257665330e+03 9.940448666747636608e-01
5.995812912764591601e+03 9.938253772911693762e-01
5.995832912273970578e+03 9.945866292167319100e-01
5.995852911783349555e+03 9.946505139484872471e-01
5.995872911292729441e+03 9.945255361018632279e-01
5.995892910802106599e+03 9.950978827041471186e-01
5.995913010309034689e+03 9.955175944503479313e-01
5.995933009818410937e+03 9.944483515719619859e-01
5.995953009327788095e+03 9.940183225955979696e-01
5.995973008837168891e+03 9.967841528887815272e-01
5.995993008346547867e+03 9.949958879760841812e-01
5.996013107853473230e+03 9.968827042407233385e-01
5.996033107362851297e+03 9.980505095585755493e-01
5.996053106872230273e+03 9.974098360957173171e-01
5.996073106381610160e+03 9.973138858299772647e-01
5.996092605903255389e+03 9.968334231613219520e-01
5.996112705410179842e+03 9.972530404147520455e-01
5.996132704919560638e+03 9.996553463245466675e-01
5.996152704428937795e+03 9.979398882921294289e-01
5.996172703938316772e+03 9.967618822716263205e-01
5.996192703447694839e+03 9.973776283340624049e-01
5.996212802954622930e+03 9.977173227983677783e-01
5.996232802464002816e+03 9.999669311146862638e-01
5.996252801973379064e+03 9.979684025235319167e-01
5.996272801482758950e+03 9.997459350035926562e-01
5.996292800992140656e+03 9.996427038606514603e-01
5.996312900499063289e+03 1.000018641336828162e+00
5.996332900008439537e+03 1.000685094504282224e+00
5.996352899517822152e+03 9.992893842021520756e-01
5.996372899027202038e+03 9.990482095016692821e-01
5.996392898536579196e+03 9.993443440963690749e-01
5.996412998043503649e+03 9.997347780778408355e-01
5.996432997552885354e+03 9.997767714294180097e-01
5.996452997062260692e+03 9.992960090580106369e-01
5.996472996571642398e+03 9.990548542160047063e-01
5.996492996081019555e+03 9.998374018112592410e-01
5.996513095587945827e+03 9.995961657946212942e-01
5.996533095097324804e+03 1.001823421807437331e+00
5.996553094606704690e+03 1.001262806925883098e+00
5.996573094116082757e+03 1.002241282964494662e+00
5.996592593637728896e+03 1.001194685169823684e+00
5.996612693144653349e+03 9.993781256136621272e-01
5.996632692654033235e+03 1.000567108821555973e+00
5.996652692163413121e+03 1.002757838962412995e+00
5.996672691672790279e+03 1.001057569949975523e+00
5.996692691182169256e+03 1.000482512951487823e+00
5.996712790689092799e+03 1.001206748184900741e+00
5.996732790198474504e+03 1.000435718753222014e+00
