5.996932454676649286e+03 1.000357029100601647e+00
5.996952453451614929e+03 9.999559743085278951e-01
5.996972452226578753e+03 9.989364738386398157e-01
5.996992550995419151e+03 9.971029105287777528e-01
5.997012549770382066e+03 9.976868650033560160e-01
5.997032548545348618e+03 1.000426760646354829e+00
5.997052547320311533e+03 1.001172973168726443e+00
5.997072546095274447e+03 1.000568720287833502e+00
5.997092644864114845e+03 1.000232499355698357e+00
5.997112643639078669e+03 9.984573374425887993e-01
5.997132642414043403e+03 9.998133510793064671e-01
5.997152641189008136e+03 1.001388636977970092e+00
5.997172639963972870e+03 1.001459489081819365e+00
5.997192738732810540e+03 1.000245357082575781e+00
5.997212737507775273e+03 9.979264567608252534e-01
5.997232736282737278e+03 9.995419440779097497e-01
5.997252735057705650e+03 9.991984709066032977e-01
5.997272733832668564e+03 9.986925404327842148e-01
5.997292832601505324e+03 9.978043150784166038e-01
5.997312831376468239e+03 9.966892736102133110e-01
5.997332830151435701e+03 9.963462245016662111e-01
5.997352828926398615e+03 9.971242293688727942e-01
5.997372827701364258e+03 9.968136956889367406e-01
5.997392926470202838e+03 9.966083070757808526e-01
5.997412425275793794e+03 9.944244951631986407e-01
5.997432424050757618e+03 9.944634784877234290e-01
5.997452422825722351e+03 9.955579312288072025e-01
5.997472421600686175e+03 9.954993763332522505e-01
5.997492520369525664e+03 9.943038980600471533e-01
5.997512519144488579e+03 9.951545425844391390e-01
5.997532517919455131e+03 9.938624437971480541e-01
5.997552516694418046e+03 9.954351996718295847e-01
5.997572515469383688e+03 9.946464117195288335e-01
5.997592614238221358e+03 9.921453625004739152e-01
5.997612613013186092e+03 9.915030870514829342e-01
5.997632611788150825e+03 9.941299837937062067e-01
5.997652610563115559e+03 9.938688553146018956e-01
5.997672609338078473e+03 9.936645505498308273e-01
5.997692708106917962e+03 9.940436659150708731e-01
5.997712706881884515e+03 9.945529373216563940e-01
5.997732705656847429e+03 9.954512792909382402e-01
5.997752704431811253e+03 9.951658319052558710e-01
5.997772703206777805e+03 9.947426378866793817e-01
5.997792801975615475e+03 9.972693676305749433e-01
5.997812800750579299e+03 9.972431709347737705e-01
5.997832799525545852e+03 1.000061378719974137e+00
5.997852798300506947e+03 1.000561599194355056e+00
5.997872797075471681e+03 9.997653866544746748e-01
5.997892895844312079e+03 9.990336469326761559e-01
5.997912394649900307e+03 9.991555816241670662e-01
5.997932393424867769e+03 9.997285941495578365e-01
5.997952392199829774e+03 1.000552558958430094e+00
5.997972390974795417e+03 1.000331708241428474e+00
5.997992489743633996e+03 9.988391335408627336e-01
5.998012488518596911e+03 9.985456300519128803e-01
5.998032487293562554e+03 9.989484127148839931e-01
5.998052486068525468e+03 9.992782623076998938e-01
5.998072484843490201e+03 9.990819333136751190e-01
5.998092583612328781e+03 9.984885789361576114e-01
5.998112582387293514e+03 1.001108540310600148e+00
5.998132581162258248e+03 9.983227641293428434e-01
5.998152579937223891e+03 9.978596128665804255e-01
