6.013892469243108280e+03 9.980510788383409881e-01
6.013912568750033643e+03 9.992608210993014772e-01
6.013932568259412619e+03 9.991725153921153790e-01
6.013952567768793415e+03 9.998021644143086917e-01
6.013972567278172392e+03 9.997863595551577109e-01
6.013992566787551368e+03 1.000488438571849548e+00
6.014012666294477640e+03 1.001349752797395576e+00
6.014032665803853888e+03 9.981798343218191150e-01
6.014052665313235593e+03 9.999331936670269316e-01
6.014072664822611841e+03 9.998883878379850598e-01
6.014092164344257071e+03 9.973508036937288601e-01
6.014112263851184252e+03 9.958487672209381802e-01
6.014132263360564139e+03 9.996751523205393841e-01
6.014152262869941296e+03 1.000804663254846183e+00
6.014172262379319363e+03 9.976792529845283086e-01
6.014192261888697431e+03 9.993161191324382298e-01
6.014212361395625521e+03 1.001235277605180052e+00
6.014232360905003588e+03 1.000451192919607157e+00
6.014252360414384384e+03 1.001239802936035872e+00
6.014272359923760632e+03 1.002173278441701676e+00
6.014292359433140518e+03 1.001179110447180998e+00
6.014312458940066790e+03 9.975689510334937449e-01
6.014332458449443948e+03 9.996110760923633265e-01
6.014352457958823834e+03 9.994938620030365817e-01
6.014372457468203720e+03 1.000101175449933155e+00
6.014392456977581787e+03 9.985567164298173592e-01
6.014412556484505330e+03 9.988812582227495351e-01
6.014432555993886126e+03 9.999883675885025136e-01
6.014452555503265103e+03 9.974299806881999908e-01
6.014472555012643170e+03 9.950239375549301268e-01
6.014492554522022147e+03 9.949504269452810190e-01
6.014512654028950237e+03 9.942610545640746533e-01
6.014532653538327395e+03 9.929201355364685178e-01
6.014552653047706372e+03 9.969603255149458443e-01
6.014572652557085348e+03 9.973140159958941986e-01
6.014592152078726940e+03 9.944535182501270665e-01
6.014612251585655031e+03 9.951329252669786074e-01
6.014632251095035826e+03 9.956242294038986085e-01
6.014652250604412984e+03 9.935523060838902243e-01
6.014672250113792870e+03 9.921249558872564656e-01
6.014692249623169118e+03 9.934706476909667128e-01
6.014712349130096300e+03 9.934621806764403207e-01
6.014732348639473457e+03 9.928241147794797383e-01
6.014752348148855162e+03 9.930909826530177620e-01
6.014772347658233230e+03 9.959275609595807932e-01
6.014792347167611297e+03 9.958251102036390634e-01
6.014812446674537568e+03 9.954112106018292438e-01
6.014832446183916545e+03 9.960036133155226734e-01
6.014852445693296431e+03 9.968203224594922585e-01
6.014872445202675408e+03 9.954007050750761643e-01
6.014892444712054385e+03 9.931562261649771184e-01
6.014912544218977928e+03 9.956660536681585238e-01
6.014932543728356904e+03 9.953972186069239836e-01
6.014952543237736791e+03 9.940285706235062468e-01
6.014972542747115767e+03 9.962488274881458050e-01
6.014992542256493834e+03 9.979479571801086468e-01
6.015012641763422835e+03 9.989377014921044795e-01
6.015032641272797264e+03 9.968963351779237536e-01
6.015052640782178059e+03 9.991956432804750543e-01
6.015072640291557946e+03 9.996428858213161073e-01
6.015092139813202266e+03 9.969446273929554181e-01
6.015112239320124900e+03 9.987081492359217716e-01
6.015132238829506605e+03 9.978534389911364322e-01
6.015152238338884672e+03 9.978305478608516799e-01
6.015172237848265468e+03 9.952908466077182714e-01
6.015192237357641716e+03 1.000091747638826245e+00
6.015212336864569806e+03 9.996924953226045130e-01
6.015232336373948783e+03 9.984546775169194088e-01
6.015252335883325941e+03 1.003522337859420466e+00
6.015272335392705827e+03 1.000216507770413710e+00
6.015292334902085713e+03 9.977352252058201421e-01
6.015312434409011985e+03 9.981025446738777118e-01
6.015332433918390052e+03 9.994605140647584429e-01
6.015352433427769029e+03 9.984182317365076775e-01
6.015372432937147096e+03 9.983881009149864205e-01
6.015392432446526982e+03 1.000165139007509696e+00
6.015412531953451435e+03 1.002397180358385986e+00
6.015432531462832230e+03 1.002460841015406334e+00
6.015452530972210297e+03 9.985203539196600975e-01
6.015472530481588365e+03 9.996971977288227063e-01
6.015492529990967341e+03 1.000606535960603338e+00
6.015512629497890885e+03 1.002137068021776711e+00
6.015532629007271680e+03 9.997582038266688009e-01
6.015552628516652476e+03 1.001744104016998538e+00
6.015572628026028724e+03 1.000593848921368600e+00
6.015592127547673044e+03 9.982164868990192064e-01
6.015612227054599316e+03 9.997829130501770800e-01
