6.018119362381693463e+03 1.000968319466129186e+00
6.018139361914989422e+03 1.000711911407309085e+00
6.018159361448283562e+03 1.000299021509768460e+00
6.018179360981580430e+03 1.000608796413842150e+00
6.018199360514873661e+03 1.000631740214820153e+00
6.018219460045835149e+03 1.000487293515522014e+00
6.018239459579131108e+03 1.000715156729925503e+00
6.018259459112423428e+03 1.002496822779742391e+00
6.018279458645718478e+03 1.002068989014487155e+00
6.018299458179013527e+03 9.980376016396350636e-01
6.018319557709976834e+03 9.993165691607862611e-01
6.018339557243272793e+03 9.993394508422286382e-01
6.018359556776567842e+03 1.000607176830072831e+00
6.018379556309862892e+03 1.000205219605845741e+00
6.018399555843156122e+03 1.000936369210648103e+00
6.018419655374117610e+03 1.001664132078009528e+00
6.018439654907413569e+03 1.000915474866946209e+00
6.018459654440707709e+03 1.000923533804318755e+00
6.018479653974002758e+03 9.990562818811676848e-01
6.018499653507297808e+03 9.977182724859522400e-01
6.018519753038258386e+03 9.980881049637072566e-01
6.018539752571554345e+03 9.985061879035334043e-01
6.018559752104850304e+03 9.988348176252166422e-01
6.018579751638143534e+03 9.999317046508002793e-01
6.018599251183104570e+03 1.000184535530000085e+00
6.018619350714067878e+03 1.001617538030172172e+00
6.018639350247362927e+03 1.002438736353400861e+00
6.018659349780659795e+03 1.001525561227701866e+00
6.018679349313953026e+03 9.982547916801478571e-01
6.018699348847248075e+03 9.992923055503617480e-01
6.018719448378208654e+03 9.985320372969257452e-01
6.018739447911504612e+03 9.966297970058457523e-01
6.018759447444799662e+03 9.971935508003655357e-01
6.018779446978093802e+03 9.974252866616206692e-01
6.018799446511388851e+03 9.947502857726879810e-01
6.018819546042350339e+03 9.931574274746025610e-01
6.018839545575642660e+03 9.957400170162407083e-01
6.018859545108941347e+03 9.950685815897644115e-01
6.018879544642235487e+03 9.950726011908022084e-01
6.018899544175529627e+03 9.983014027566424753e-01
6.018919643706492025e+03 9.987351035749677530e-01
6.018939643239786164e+03 9.972797987661593533e-01
6.018959642773081214e+03 9.952718590496894002e-01
6.018979642306376263e+03 9.946711142082277357e-01
6.018999641839670403e+03 9.942868411993522892e-01
6.019019741370635529e+03 9.936787754444748044e-01
6.019039740903927850e+03 9.945788249587571572e-01
6.019059740437221990e+03 9.938509601943323890e-01
6.019079739970517039e+03 9.930371324391834564e-01
6.019099239515481713e+03 9.952691418320969152e-01
6.019119339046441382e+03 9.950082799802636435e-01
6.019139338579738251e+03 9.980038299661463386e-01
6.019159338113030572e+03 9.993040297059619936e-01
6.019179337646327440e+03 9.963761818928614789e-01
6.019199337179622489e+03 9.972431325701691662e-01
6.019219436710583977e+03 9.981739424150158912e-01
6.019239436243880846e+03 9.975318408818792948e-01
6.019259435777174076e+03 9.957800981642136451e-01
6.019279435310469125e+03 9.994119381210346820e-01
6.019299434843762356e+03 9.980673689654505631e-01
6.019319534374725663e+03 9.954637103600687542e-01
6.019339533908018893e+03 9.954939047805091423e-01
6.019359533441313943e+03 9.970674517709287032e-01
6.019379532974609901e+03 9.983160351676545474e-01
6.019399532507905860e+03 9.956405648879539383e-01
6.019419632038866439e+03 9.987395390339827150e-01
6.019439631572161488e+03 9.989754872292823107e-01
6.019459631105453809e+03 9.986358214016686219e-01
6.019479630638751587e+03 1.000232460675220647e+00
6.019499630172045727e+03 9.981208665056442442e-01
6.019519729703008124e+03 9.990599337634957777e-01
6.019539729236300445e+03 1.000428787129585606e+00
6.019559728769595495e+03 1.001225732842901950e+00
6.019579728302892363e+03 1.002463976317424788e+00
6.019599227847854308e+03 1.002186609705449039e+00
6.019619327378814887e+03 1.000153242720697166e+00
6.019639326912111756e+03 1.001372925141632120e+00
6.019659326445406805e+03 1.000917266712524789e+00
6.019679325978701854e+03 1.000607423047564781e+00
6.019699325511996904e+03 9.974736325823873040e-01
6.019719425042957482e+03 1.000597599359216217e+00
6.019739424576251622e+03 1.002894942248014676e+00
6.019759424109547581e+03 1.001747179558968304e+00
6.019779423642841721e+03 9.986876054488946775e-01
6.019799423176136770e+03 1.000831818674052576e+00
6.019819522707098258e+03 1.001191841449208253e+00
6.019839522240393308e+03 1.000324369266104130e+00
6.019859521773688357e+03 1.000212662347900849e+00
6.019879521306983406e+03 1.001324598991125914e+00
6.019899520840278456e+03 1.001807952538468660e+00
6.019919620371239034e+03 1.001674115641804308e+00
6.019939619904534993e+03 1.001098365030404169e+00
6.019959619437829133e+03 1.001102696378019408e+00
6.019979618971125092e+03 1.000459478821162485e+00
6.019999618504418322e+03 9.998012197903544118e-01
6.020019718035380720e+03 1.000075275509227035e+00
