6.034992051635383177e+03 1.000020710091599874e+00
6.035012151142312177e+03 9.994366155013282293e-01
6.035032150651690245e+03 9.993545783551111006e-01
6.035052150161069221e+03 1.000239917408265233e+00
6.035072149670447288e+03 9.989394180443001980e-01
6.035091649192091609e+03 9.984803979832623799e-01
6.035111748699016971e+03 9.984427215506436193e-01
6.035131748208398676e+03 9.986708335087610688e-01
6.035151747717777653e+03 9.978871953662288297e-01
6.035171747227154810e+03 9.988907503076593919e-01
6.035191746736534697e+03 9.980480108427758346e-01
6.035211846243460059e+03 9.962599870765665999e-01
6.035231845752839035e+03 9.968721298351328475e-01
6.035251845262218012e+03 9.965093904781118228e-01
6.035271844771596989e+03 9.957921271680788555e-01
6.035291844280975965e+03 9.953998191804478424e-01
6.035311943787900418e+03 9.958938787810777127e-01
6.035331943297280304e+03 9.978207690228482196e-01
6.035351942806660190e+03 9.966603165794668540e-01
6.035371942316039167e+03 9.955589213718645247e-01
6.035391941825417234e+03 9.946347670314668044e-01
6.035412041332342596e+03 9.924180316491381104e-01
6.035432040841721573e+03 9.933699857592648286e-01
6.035452040351100550e+03 9.938861550686259871e-01
6.035472039860479526e+03 9.935971845347409959e-01
6.035492039369857594e+03 9.921410853128660445e-01
6.035512138876782956e+03 9.949029586635156353e-01
6.035532138386163751e+03 9.935576423964425086e-01
6.035552137895541819e+03 9.933794579676346048e-01
6.035572137404921705e+03 9.945309738432983604e-01
6.035591636926565116e+03 9.939018220170355855e-01
6.035611736433489568e+03 9.956444428135148295e-01
6.035631735942869454e+03 9.955844782210981903e-01
6.035651735452248431e+03 9.953619832774082132e-01
6.035671734961628317e+03 9.964618921567880427e-01
6.035691734471005475e+03 9.981306976184377566e-01
6.035711833977933566e+03 9.980265059324061605e-01
6.035731833487309814e+03 9.974494046274012815e-01
6.035751832996690609e+03 9.970200506934413509e-01
6.035771832506069586e+03 9.985042499030949426e-01
6.035791832015447653e+03 9.972178457498468429e-01
6.035811931522374834e+03 9.983179573218232683e-01
6.035831931031751083e+03 9.995214701759381759e-01
6.035851930541130969e+03 9.985749059697915930e-01
6.035871930050509945e+03 9.985962479483943000e-01
6.035891929559888922e+03 9.996520368106445176e-01
6.035912029066816103e+03 1.000456698781673870e+00
6.035932028576191442e+03 1.000625849868115758e+00
6.035952028085570419e+03 9.994206119754828199e-01
6.035972027594952124e+03 1.000232623638172891e+00
