6.056611221281325925e+03 1.001243232834776897e+00
6.056631220790704901e+03 1.001355381152827961e+00
6.056651220300082059e+03 1.001285277032572640e+00
6.056671219809463764e+03 1.000639292346724440e+00
6.056691219318840922e+03 9.998694206140606999e-01
6.056711318825769013e+03 1.000644787887727816e+00
6.056731318335147080e+03 1.002032530495435170e+00
6.056751317844525147e+03 1.000963838291930363e+00
6.056771317353905033e+03 1.000296081901866252e+00
6.056791316863284010e+03 1.000371790292962526e+00
6.056811416370207553e+03 1.001125178007005401e+00
6.056831415879586530e+03 1.001266454182795806e+00
6.056851415388967325e+03 9.985799994405049063e-01
6.056871414898346302e+03 1.002110141938891141e+00
6.056891414407724369e+03 1.002222231303097288e+00
6.056911513914648822e+03 9.993609355993092747e-01
6.056931513424028708e+03 9.993492096993402685e-01
6.056951512933408594e+03 1.000277505995432081e+00
6.056971512442786661e+03 1.000054439859625832e+00
6.056991511952164728e+03 1.000210289052117618e+00
6.057011611459091000e+03 9.984059539249446891e-01
6.057031610968469977e+03 9.994070401060554110e-01
6.057051610477850772e+03 9.978361058976862319e-01
6.057071609987228840e+03 9.968408355957418809e-01
6.057091109508874069e+03 9.961012705866528760e-01
6.057111209015798522e+03 9.947052669609434128e-01
6.057131208525177499e+03 9.934551732939050916e-01
6.057151208034555566e+03 9.960735195633841910e-01
6.057171207543935452e+03 9.947360374382511194e-01
6.057191207053314429e+03 9.950741045869245793e-01
6.057211306560239791e+03 9.942392190938440510e-01
6.057231306069618768e+03 9.938634198443486722e-01
6.057251305578996835e+03 9.953669420397379675e-01
6.057271305088374902e+03 9.953334776125415395e-01
6.057291304597754788e+03 9.952344615378889703e-01
6.057311404104681060e+03 9.939189690253076304e-01
6.057331403614059127e+03 9.935942119594852739e-01
6.057351403123438104e+03 9.949882968599835786e-01
6.057371402632818899e+03 9.965643827103297658e-01
6.057391402142196966e+03 9.966765485665151081e-01
6.057411501649122329e+03 9.953976048504175056e-01
6.057431501158500396e+03 9.931867138765155811e-01
6.057451500667880282e+03 9.966050776661372623e-01
6.057471500177257440e+03 9.961929269318586799e-01
6.057491499686635507e+03 9.969458883018018636e-01
6.057511599193562688e+03 9.975748915251743121e-01
6.057531598702940755e+03 9.962452881626705503e-01
6.057551598212321551e+03 9.964375337998621074e-01
6.057571597721701437e+03 9.983480966907563037e-01
6.057591097243344848e+03 9.990214703500748250e-01
6.057611196750269301e+03 9.988130603891863801e-01
6.057631196259648277e+03 9.984082199849447781e-01
6.057651195769029073e+03 9.985494224628251869e-01
6.057671195278406230e+03 9.992002242927323641e-01
6.057691194787786117e+03 9.988536453788592340e-01
6.057711294294712388e+03 1.000501594358436108e+00
6.057731293804088637e+03 1.001152294001275589e+00
6.057751293313470342e+03 1.000259742075369385e+00
6.057771292822848409e+03 1.000255291915712386e+00
6.057791292332228295e+03 1.000862273578424722e+00
6.057811391839152748e+03 1.000923185437096574e+00
6.057831391348531724e+03 9.996158561356078831e-01
6.057851390857911611e+03 9.999826209617117545e-01
6.057871390367289678e+03 9.993595342892492850e-01
6.057891389876668654e+03 9.992677736694827173e-01
6.057911489383594926e+03 9.997362770701344603e-01
6.057931488892972084e+03 1.000103000833025613e+00
6.057951488402351970e+03 1.000011228445716549e+00
6.057971487911728218e+03 9.999194610539978711e-01
6.057991487421108104e+03 1.000213381309842164e+00
6.058011586928035285e+03 9.989280808041249848e-01
