6.058329093792578533e+03 1.000463768769013662e+00
6.058349092567542357e+03 9.995194265666617062e-01
6.058369091342506181e+03 9.987220970563808198e-01
6.058389190111347489e+03 9.992730006162244827e-01
6.058408688916936626e+03 9.994472435194127202e-01
6.058428687691899540e+03 1.001092970263650628e+00
6.058448686466866093e+03 1.001161744168071577e+00
6.058468685241829917e+03 1.001148807297870702e+00
6.058488784010667587e+03 1.000751940554740704e+00
6.058508782785633230e+03 1.000068895399132352e+00
6.058528781560598873e+03 1.001077442344646462e+00
6.058548780335560878e+03 9.998468199870093054e-01
6.058568779110524702e+03 9.995314581308346602e-01
6.058588877879364190e+03 1.000262337834758153e+00
6.058608876654329833e+03 9.993666836969314904e-01
6.058628875429294567e+03 9.983238605804914956e-01
6.058648874204259300e+03 9.982454516693886060e-01
6.058668872979222215e+03 9.979953899898159619e-01
6.058688971748061704e+03 9.976964096125656711e-01
6.058708970523026437e+03 9.997841341600038900e-01
6.058728969297989352e+03 9.984795950654088426e-01
6.058748968072954085e+03 9.986137192063336832e-01
6.058768966847917000e+03 9.980202876113932753e-01
6.058789065616757398e+03 9.973288607128325545e-01
6.058809064391723041e+03 9.981578658828518247e-01
6.058829063166687774e+03 9.967713428280909893e-01
6.058849061941649779e+03 9.944363518591018414e-01
6.058869060716613603e+03 9.938508959357617023e-01
6.058889159485454002e+03 9.939523495769376771e-01
6.058908658291044048e+03 9.923440967866209439e-01
6.058928657066007872e+03 9.902540228677194634e-01
6.058948655840972606e+03 9.895130231169305679e-01
6.058968654615934611e+03 9.902111590397119079e-01
6.058988753384775009e+03 9.889469025801223001e-01
6.059008752159740652e+03 9.871999587845678992e-01
6.059028750934706295e+03 9.873092844742669127e-01
6.059048749709669210e+03 9.881464631668656073e-01
6.059068748484633943e+03 9.885338827086662672e-01
6.059088847253473432e+03 9.890277823679971547e-01
6.059108846028437256e+03 9.902085858819830166e-01
6.059128844803402899e+03 9.892465646703175741e-01
6.059148843578366723e+03 9.892332767152300921e-01
6.059168842353331456e+03 9.907904379574482556e-01
6.059188941122168217e+03 9.908509471581186112e-01
6.059208939897132950e+03 9.901996712553744473e-01
6.059228938672095865e+03 9.910207792878966693e-01
6.059248937447062417e+03 9.940669860126685187e-01
6.059268936222026241e+03 9.960662495958234608e-01
6.059289034990865730e+03 9.943189575586203199e-01
6.059309033765829554e+03 9.938067640368443145e-01
6.059329032540794287e+03 9.953398558807764473e-01
6.059349031315755383e+03 9.961530624561950598e-01
6.059369030090721935e+03 9.965572285826095333e-01
6.059389128859561424e+03 9.970679214994684347e-01
6.059408627665154199e+03 9.978314545730738727e-01
6.059428626440116204e+03 9.990375752404169196e-01
6.059448625215080938e+03 9.999982843943697741e-01
6.059468623990043852e+03 9.987824086804313328e-01
6.059488722758882432e+03 9.992768679550995126e-01
6.059508721533847165e+03 9.986746518365599012e-01
6.059528720308812808e+03 9.981869714300407592e-01
6.059548719083777542e+03 9.990986875695312408e-01
6.059568717858739547e+03 9.989629031588035390e-01
6.059588816627580854e+03 9.998748310962407571e-01
6.059608815402543769e+03 9.995835557880126121e-01
6.059628814177508502e+03 9.985638274153938454e-01
6.059648812952474145e+03 9.989191067228541110e-01
6.059668811727436150e+03 9.986195946357754316e-01
6.059688910496276549e+03 9.985821367947377292e-01
6.059708909271241282e+03 9.999770166200766530e-01
6.059728908046205106e+03 9.986870235613983793e-01
6.059748906821172568e+03 9.981091449340299127e-01
6.059768905596133663e+03 1.000568344550457400e+00
6.059789004364974062e+03 1.000940260842210217e+00
