6.064328726281872150e+03 9.998650924396572659e-01
6.064348725056832336e+03 1.000814045011697573e+00
6.064368723831799798e+03 9.987018166877630332e-01
6.064388822600637468e+03 1.000000930932220866e+00
6.064408321406231153e+03 1.001340405470725337e+00
6.064428320181194067e+03 1.001955610153853371e+00
6.064448318956156982e+03 1.001430962450174267e+00
6.064468317731119896e+03 1.001810065238599057e+00
6.064488416499961204e+03 1.001627434830759888e+00
6.064508415274925028e+03 1.000663082583614472e+00
6.064528414049888852e+03 9.991450274884046134e-01
6.064548412824852676e+03 9.987668741117157190e-01
6.064568411599819228e+03 9.991378242140328547e-01
6.064588510368655989e+03 9.986620127112535439e-01
6.064608509143619813e+03 9.986991183494267066e-01
6.064628507918586365e+03 9.987443676910627843e-01
6.064648506693551099e+03 9.991479078261613633e-01
6.064668505468515832e+03 9.997957496754508178e-01
6.064688604237354411e+03 9.990186191554317752e-01
6.064708603012318235e+03 9.955948461818648898e-01
6.064728601787281150e+03 9.952247470901648407e-01
6.064748600562244974e+03 9.963530362189048084e-01
6.064768599337211526e+03 9.948021196627884200e-01
6.064788698106048287e+03 9.938294274783162630e-01
6.064808696881013020e+03 9.927996409319945759e-01
6.064828695655979573e+03 9.914522168427544191e-01
6.064848694430940668e+03 9.905363895684078379e-01
6.064868693205907221e+03 9.897182679966407548e-01
6.064888791974747619e+03 9.886314300548735279e-01
6.064908290780336756e+03 9.879269698657531240e-01
6.064928289555299671e+03 9.861477453899230028e-01
6.064948288330265314e+03 9.844906431260523894e-01
6.064968287105229138e+03 9.834524884183570848e-01
6.064988385874066807e+03 9.830659460653361492e-01
6.065008384649032450e+03 9.833797849452730055e-01
6.065028383423994455e+03 9.819750552278074807e-01
6.065048382198961008e+03 9.813685012930708496e-01
6.065068380973925741e+03 9.822769240205859731e-01
6.065088479742765230e+03 9.822080053872455085e-01
6.065108478517729054e+03 9.836540532767339418e-01
6.065128477292695607e+03 9.847254480311974367e-01
6.065148476067659431e+03 9.856746869105305064e-01
6.065168474842624164e+03 9.852229003051312661e-01
6.065188573611460924e+03 9.848444763265352675e-01
6.065208572386428386e+03 9.855819607417904971e-01
6.065228571161389482e+03 9.869304098610929277e-01
6.065248569936354215e+03 9.878308603414897027e-01
6.065268568711318039e+03 9.888290874569649613e-01
6.065288667480158438e+03 9.901532530084088402e-01
6.065308666255120443e+03 9.922350009639778756e-01
6.065328665030086086e+03 9.926956551400394346e-01
6.065348663805049910e+03 9.968222767875911661e-01
6.065368662580014643e+03 9.966557069971582195e-01
6.065388761348852313e+03 9.979963497114457960e-01
6.065408260154444179e+03 9.978376205502292873e-01
6.065428258929409822e+03 9.970681805605215997e-01
6.065448257704372736e+03 9.963150151145392375e-01
6.065468256479336560e+03 9.974356835068997063e-01
6.065488355248176049e+03 9.997703900525373166e-01
6.065508354023140782e+03 1.001241468652463107e+00
6.065528352798103697e+03 9.992824878506829656e-01
6.065548351573069340e+03 9.985293022371271032e-01
6.065568350348033164e+03 9.981753349549824517e-01
6.065588449116871743e+03 9.995080184029504489e-01
6.065608447891838296e+03 9.998710706606764864e-01
6.065628446666800301e+03 9.985882328494840587e-01
6.065648445441764125e+03 9.974194360452309782e-01
6.065668444216730677e+03 1.000178052865418277e+00
6.065688542985568347e+03 9.995633960499036297e-01
6.065708541760533080e+03 9.990708864887626328e-01
6.065728540535496904e+03 1.000428081494587396e+00
6.065748539310463457e+03 9.994629492792952430e-01
6.065768538085425462e+03 9.983837100982625445e-01
