6.089018107902978954e+03 9.992153076149360436e-01
6.089038107436274004e+03 1.000625675283455696e+00
6.089058106969566325e+03 9.966645025008171732e-01
6.089078106502860464e+03 9.926374312308239301e-01
6.089097606047826048e+03 9.916506361386940860e-01
6.089117705578787536e+03 9.961935299132819166e-01
6.089137705112084404e+03 9.976569738344578386e-01
6.089157704645374906e+03 9.979103650580006812e-01
6.089177704178670865e+03 9.974558310886564305e-01
6.089197703711968643e+03 9.955566090249088340e-01
6.089217803242929222e+03 9.936415235791620226e-01
6.089237802776223361e+03 9.918695712421885524e-01
6.089257802309517501e+03 9.905397764036144581e-01
6.089277801842811641e+03 9.853274745810123303e-01
6.089297801376107600e+03 9.867105242863459802e-01
6.089317900907069088e+03 9.878413287415115374e-01
6.089337900440365047e+03 9.841242454185513688e-01
6.089357899973661006e+03 9.833517326635549116e-01
6.089377899506954236e+03 9.772539419349074441e-01
6.089397899040248376e+03 9.703070025921907149e-01
6.089417998571209864e+03 9.648422404073315750e-01
6.089437998104505823e+03 9.690061865031331934e-01
6.089457997637799963e+03 9.622429662971316855e-01
6.089477997171095012e+03 9.544964827987989509e-01
6.089497996704389152e+03 9.516222390477608872e-01
6.089518096235352459e+03 9.466809868132836092e-01
6.089538095768646599e+03 9.445711264589584655e-01
6.089558095301942558e+03 9.428804003857970129e-01
6.089578094835235788e+03 9.402397818728708279e-01
6.089597594380199553e+03 9.440532676071576867e-01
6.089617693911161041e+03 9.458616987891417249e-01
6.089637693444456090e+03 9.465220864543151258e-01
6.089657692977752959e+03 9.456627851710585064e-01
6.089677692511046189e+03 9.478921798320013581e-01
6.089697692044340329e+03 9.489860924128890041e-01
6.089717791575302726e+03 9.506436505720630148e-01
6.089737791108595957e+03 9.539111126655587247e-01
6.089757790641892825e+03 9.538253197234035641e-01
6.089777790175187874e+03 9.516551017472135721e-01
6.089797789708482924e+03 9.531030733771002073e-01
6.089817889239442593e+03 9.630393111363612091e-01
6.089837888772738552e+03 9.550095385778667456e-01
6.089857888306034511e+03 9.546443804014848045e-01
6.089877887839328650e+03 9.595905491999106030e-01
6.089897887372623700e+03 9.712128503957454528e-01
6.089917986903584278e+03 9.709733359140720887e-01
6.089937986436879328e+03 9.789054844385044474e-01
6.089957985970174377e+03 9.848945669831908889e-01
6.089977985503470336e+03 9.841091913213638742e-01
6.089997985036762657e+03 9.940567672503652918e-01
6.090018084567726874e+03 9.971891812160283974e-01
6.090038084101019194e+03 9.974446869025398454e-01
6.090058083634316063e+03 9.953948438556080580e-01
6.090078083167609293e+03 9.961250729416496474e-01
6.090097582712572148e+03 9.951369866518884333e-01
6.090117682243535455e+03 9.968716218414194197e-01
6.090137681776828686e+03 1.003005291098667096e+00
6.090157681310124644e+03 9.956360179916962094e-01
6.090177680843418784e+03 9.957371355258997081e-01
6.090197680376712924e+03 9.986672981400626092e-01
6.090217779907675322e+03 1.003693402885559749e+00
6.090237779440971281e+03 1.004178454148706878e+00
6.090257778974264511e+03 9.976641339705250022e-01
6.090277778507559560e+03 9.957927908119665883e-01
6.090297778040854610e+03 1.001435774818294933e+00
