6.101510519827119424e+03 1.000241453153816851e+00
6.101530519336498401e+03 1.000481399838051288e+00
6.101550518845879196e+03 1.001267501458870113e+00
6.101570518355257263e+03 1.002356196639482500e+00
6.101590017876901584e+03 1.000669928120001329e+00
6.101610117383826946e+03 1.000858188934302007e+00
6.101630116893205923e+03 1.000647925457329501e+00
6.101650116402584899e+03 1.000422902796831215e+00
6.101670115911965695e+03 1.000352868838298326e+00
6.101690115421343762e+03 9.996924106680966648e-01
6.101710214928270034e+03 9.993197702771555724e-01
6.101730214437647192e+03 9.994859093181522880e-01
6.101750213947027987e+03 1.000006298185837528e+00
6.101770213456406054e+03 1.000681667574910616e+00
6.101790212965785940e+03 9.996300709422297759e-01
6.101810312472708574e+03 9.998035686665178723e-01
6.101830311982089370e+03 9.997187789124103441e-01
6.101850311491468347e+03 9.991985641358218651e-01
6.101870311000845504e+03 9.981469881506898068e-01
6.101890310510226300e+03 9.980991055773313914e-01
6.101910410017150753e+03 9.971951235233899036e-01
6.101930409526531548e+03 9.966380255222117013e-01
6.101950409035908706e+03 9.966639486107368162e-01
6.101970408545287683e+03 9.965127530726225480e-01
6.101990408054666659e+03 9.940221273917370093e-01
6.102010507561593840e+03 9.931624558663556535e-01
6.102030507070972817e+03 9.933655077594606420e-01
6.102050506580351794e+03 9.941810840424868401e-01
6.102070506089728951e+03 9.929967279393939750e-01
6.102090005611373272e+03 9.931334499146401429e-01
6.102110105118299543e+03 9.928863164240946393e-01
6.102130104627677611e+03 9.925063676401726376e-01
6.102150104137057497e+03 9.924437485790755797e-01
6.102170103646436473e+03 9.908682976330953629e-01
6.102190103155814541e+03 9.917060014791240219e-01
6.102210202662741722e+03 9.928019679785733409e-01
6.102230202172119789e+03 9.936175200634355109e-01
6.102250201681499675e+03 9.936434530021382994e-01
6.102270201190877742e+03 9.943999599178823257e-01
6.102290200700257628e+03 9.949350760933439730e-01
6.102310300207181172e+03 9.950495399182169853e-01
6.102330299716560148e+03 9.950902263227905387e-01
6.102350299225941853e+03 9.974554329495639582e-01
6.102370298735318102e+03 9.964260969181341077e-01
6.102390298244700716e+03 9.970940250211975941e-01
6.102410397751624259e+03 9.982120706857569026e-01
6.102430397261001417e+03 9.991013672653835664e-01
6.102450396770380394e+03 1.000640035576510822e+00
6.102470396279760280e+03 9.988801590061513469e-01
6.102490395789138347e+03 9.995259285809359184e-01
6.102510495296064619e+03 1.000702979091972589e+00
6.102530494805444505e+03 1.000035241602222458e+00
6.102550494314821663e+03 9.998619129171585351e-01
6.102570493824202458e+03 9.996443106843787563e-01
6.102589993345847688e+03 9.997883766276780548e-01
6.102610092852771231e+03 1.000065156874303751e+00
6.102630092362150208e+03 9.999951374715803087e-01
6.102650091871531004e+03 1.001319755466219430e+00
6.102670091380909071e+03 9.999436483058389280e-01
6.102690090890287138e+03 1.000006451770778071e+00
6.102710190397213410e+03 1.001382690055695246e+00
6.102730189906593296e+03 9.997852299239872176e-01
6.102750189415972272e+03 1.000497376358699286e+00
6.102770188925347611e+03 1.000132202483829058e+00
