6.107390175589419414e+03 1.000555381107228081e+00
6.107410275096346595e+03 1.001722100940522608e+00
6.107430274605726481e+03 1.002034631061844205e+00
6.107450274115103639e+03 1.000756850135390508e+00
6.107470273624484435e+03 1.000929457771727149e+00
6.107490273133860683e+03 1.001102086444430661e+00
6.107510372640787864e+03 1.000369262432557083e+00
6.107530372150165931e+03 1.000770178377188957e+00
6.107550371659544908e+03 1.001134318637845189e+00
6.107570371168925703e+03 1.000909265658816105e+00
6.107589870690568205e+03 9.997029622573930796e-01
6.107609970197494476e+03 9.978280328250463960e-01
6.107629969706874363e+03 9.972122889857339967e-01
6.107649969216250611e+03 9.968322217388427831e-01
6.107669968725630497e+03 9.956784925072214021e-01
6.107689968235008564e+03 9.940530537944598510e-01
6.107710067741935745e+03 9.916982223340332636e-01
6.107730067251313812e+03 9.878173785028545595e-01
6.107750066760693699e+03 9.870460187160080556e-01
6.107770066270072675e+03 9.866283249281514456e-01
6.107790065779449833e+03 9.837709412599389136e-01
6.107810165286377924e+03 9.804417649487167097e-01
6.107830164795755081e+03 9.799056384930855401e-01
6.107850164305134967e+03 9.793841887338669006e-01
6.107870163814514854e+03 9.789290248017309404e-01
6.107890163323891102e+03 9.792700662817398483e-01
6.107910262830816464e+03 9.795303485136889199e-01
6.107930262340197260e+03 9.792520766767980334e-01
6.107950261849575327e+03 9.813040101244546731e-01
6.107970261358955213e+03 9.825302391060137808e-01
6.107990260868334190e+03 9.844277539323477155e-01
6.108010360375261371e+03 9.873731402493990394e-01
6.108030359884639438e+03 9.909307957031534553e-01
6.108050359394020234e+03 9.925857630417109778e-01
6.108070358903397391e+03 9.936802889804692285e-01
6.108089858425040802e+03 9.955849152388864809e-01
6.108109957931966164e+03 9.960677106905113654e-01
6.108129957441345141e+03 9.959304787547639259e-01
6.108149956950723208e+03 9.982577353025386957e-01
6.108169956460103094e+03 9.982460685006694368e-01
6.108189955969480252e+03 9.988690522215669665e-01
6.108210055476409252e+03 9.996326467993188469e-01
6.108230054985786410e+03 9.997686741697061619e-01
6.108250054495166296e+03 9.985170789249000478e-01
6.108270054004545273e+03 9.980625314708188034e-01
6.108290053513924249e+03 9.987595156263070484e-01
6.108310153020848702e+03 9.983716785764675805e-01
6.108330152530228588e+03 9.987882179792288984e-01
6.108350152039607565e+03 1.000696247467115052e+00
6.108370151548986541e+03 9.992301087671049409e-01
