6.112325786196207446e+03 1.000286055482279668e+00
6.112345784971173089e+03 1.000116326928782273e+00
6.112365783746137822e+03 9.992355797461384137e-01
6.112385882514976402e+03 9.995205873004011643e-01
6.112405381320567358e+03 9.978873724667733924e-01
6.112425380095531182e+03 9.971884965779608256e-01
6.112445378870496825e+03 9.966384351013440890e-01
6.112465377645459739e+03 9.965596340905161776e-01
6.112485476414300138e+03 9.972662961784551916e-01
6.112505475189263052e+03 9.968237107753840087e-01
6.112525473964230514e+03 9.961909602117431373e-01
6.112545472739192519e+03 9.963849978805222607e-01
6.112565471514157252e+03 9.956199532131420060e-01
6.112585570282996741e+03 9.940777302668173387e-01
6.112605569057961475e+03 9.923370432485368875e-01
6.112625567832925299e+03 9.899514339341451974e-01
6.112645566607888213e+03 9.889217732505152236e-01
6.112665565382852947e+03 9.886362357758815556e-01
6.112685664151691526e+03 9.885987599958989680e-01
6.112705662926657169e+03 9.880321005466261575e-01
6.112725661701620083e+03 9.863574949701240380e-01
6.112745660476583907e+03 9.842529271448802186e-01
6.112765659251547731e+03 9.823385134973843247e-01
6.112785758020388130e+03 9.789771483072595704e-01
6.112805756795351044e+03 9.756322745357784987e-01
6.112825755570316687e+03 9.728082828187362141e-01
6.112845754345281421e+03 9.687936173852836896e-01
6.112865753120245245e+03 9.675653872977424408e-01
6.112885851889084734e+03 9.650059412704244943e-01
6.112905350694674780e+03 9.634716582053228784e-01
6.112925349469639514e+03 9.632108126060323627e-01
6.112945348244603338e+03 9.638595081925565022e-01
6.112965347019566252e+03 9.646818495496600754e-01
6.112985445788407560e+03 9.649750231367453246e-01
6.113005444563370474e+03 9.637715506658849351e-01
6.113025443338335208e+03 9.646435134417614687e-01
6.113045442113298122e+03 9.654576018254366065e-01
6.113065440888265584e+03 9.647667807331400391e-01
6.113085539657104164e+03 9.659860658781006526e-01
6.113105538432068897e+03 9.663040389737974634e-01
6.113125537207031812e+03 9.692101691695597099e-01
6.113145535981995636e+03 9.717524904869516700e-01
6.113165534756961279e+03 9.751548001764154261e-01
6.113185633525798949e+03 9.802026786497872735e-01
6.113205632300763682e+03 9.842417601934737581e-01
6.113225631075728415e+03 9.869082148710461855e-01
6.113245629850693149e+03 9.888635512923967807e-01
6.113265628625656063e+03 9.906369829197402277e-01
6.113285727394495552e+03 9.919639150127925742e-01
6.113305726169460286e+03 9.923895002967296763e-01
6.113325724944424110e+03 9.931541255192722906e-01
6.113345723719388843e+03 9.953576007403373005e-01
6.113365722494352667e+03 9.947082014862796973e-01
6.113385821263192156e+03 9.953240168346332295e-01
6.113405320068783112e+03 9.967004977078214312e-01
6.113425318843745117e+03 9.972997674470228668e-01
6.113445317618710760e+03 9.975765360415664862e-01
6.113465316393676403e+03 9.991102572612238220e-01
6.113485415162514983e+03 9.993291683314782237e-01
6.113505413937479716e+03 1.000193080749828933e+00
6.113525412712443540e+03 1.000106006463699071e+00
6.113545411487406454e+03 9.976124953387182082e-01
6.113565410262371188e+03 9.987823852540194114e-01
6.113585509031212496e+03 9.979510594078414565e-01
