6.115749870512248890e+03 9.998937547872011056e-01
6.115769870021627867e+03 9.991612892526554601e-01
6.115789869531007753e+03 9.986131646236829917e-01
6.115809969037932206e+03 9.985954712099319730e-01
6.115829968547311182e+03 9.992413184907877888e-01
6.115849968056689249e+03 9.999607882709028450e-01
6.115869967566070954e+03 9.995527487373444542e-01
6.115889967075447203e+03 9.988721218858284123e-01
6.115910066582373474e+03 9.985965398615430644e-01
6.115930066091752451e+03 9.991538016829912827e-01
6.115950065601131428e+03 1.000211974950367511e+00
6.115970065110512223e+03 9.992367885967317065e-01
6.115990064619890290e+03 9.999486209189841768e-01
6.116010164126814743e+03 9.995625664213556583e-01
6.116030163636192810e+03 9.986906943461778541e-01
6.116050163145572697e+03 9.987101098447931369e-01
6.116070162654951673e+03 9.986043215224070790e-01
6.116089662176597813e+03 9.990743266633935749e-01
6.116109761683523175e+03 9.989167111508195918e-01
6.116129761192902151e+03 9.976916571357438146e-01
6.116149760702277490e+03 9.965919115083026192e-01
6.116169760211658286e+03 9.963169233099921085e-01
6.116189759721038172e+03 9.959536160812096917e-01
6.116209859227964444e+03 9.960318005376910255e-01
6.116229858737344330e+03 9.935483980377832758e-01
6.116249858246721487e+03 9.931705789158292719e-01
6.116269857756099555e+03 9.936024931534434002e-01
6.116289857265478531e+03 9.937693851373987641e-01
6.116309956772403893e+03 9.933619069159088655e-01
6.116329956281781961e+03 9.927339538056659807e-01
6.116349955791163666e+03 9.931437215769494120e-01
6.116369955300541733e+03 9.925820786863224221e-01
6.116389954809921619e+03 9.909755988538061500e-01
6.116410054316844253e+03 9.894941119441834632e-01
6.116430053826226867e+03 9.893742179153571792e-01
6.116450053335603116e+03 9.895706985151080382e-01
6.116470052844982092e+03 9.900540749048906131e-01
6.116490052354360159e+03 9.881097737447905871e-01
6.116510151861287341e+03 9.883354481750058484e-01
6.116530151370666317e+03 9.877375346145014223e-01
6.116550150880046203e+03 9.858672293663125474e-01
6.116570150389423361e+03 9.888807432285467991e-01
6.116589649911068591e+03 9.875414380924524282e-01
6.116609749417994863e+03 9.877744383650516324e-01
6.116629748927372930e+03 9.878017790696463907e-01
6.116649748436751906e+03 9.873805685172055702e-01
6.116669747946130883e+03 9.860402967472241542e-01
6.116689747455508950e+03 9.837002361527908967e-01
6.116709846962435222e+03 9.854405562690963238e-01
6.116729846471815108e+03 9.826082219116936134e-01
6.116749845981193175e+03 9.825990794812142770e-01
6.116769845490573061e+03 9.834720420226468196e-01
6.116789844999952038e+03 9.839626861123901280e-01
6.116809944506876491e+03 9.838944057387303266e-01
6.116829944016253648e+03 9.854433263662359943e-01
6.116849943525635354e+03 9.861689614260972236e-01
6.116869943035015240e+03 9.887243869721588085e-01
6.116889942544392397e+03 9.886928737224907060e-01
6.116910042051316850e+03 9.889844116632332538e-01
6.116930041560698555e+03 9.899962582192971539e-01
6.116950041070075713e+03 9.890315781568654874e-01
6.116970040579454690e+03 9.890000565083314488e-01
6.116990040088833666e+03 9.886452934732796738e-01
6.117010139595760847e+03 9.905675867105107057e-01
6.117030139105137096e+03 9.912925934367702308e-01
6.117050138614519710e+03 9.916502577345894798e-01
6.117070138123896868e+03 9.932565145721351518e-01
6.117089637645540279e+03 9.941809057994425158e-01
6.117109737152464731e+03 9.948318520180203794e-01
6.117129736661844618e+03 9.963789289549557227e-01
6.117149736171224504e+03 9.975293002725916791e-01
6.117169735680603480e+03 9.987089190506758252e-01
6.117189735189982457e+03 9.998737254781067119e-01
6.117209834696908729e+03 1.000149739858654740e+00
6.117229834206288615e+03 1.001145483225983623e+00
6.117249833715666682e+03 1.000151622360606618e+00
6.117269833225044749e+03 1.000251666402624195e+00
6.117289832734422816e+03 1.000234251615906844e+00
6.117309932241349998e+03 9.998202018541493263e-01
6.117329931750728065e+03 9.992816924520216970e-01
6.117349931260105222e+03 9.994771745725327117e-01
6.117369930769486928e+03 9.970379592753153553e-01
6.117389930278864995e+03 9.980187655756100895e-01
6.117410029785788538e+03 9.988010663081744456e-01
6.117430029295169334e+03 9.996349168255747042e-01
6.117450028804548310e+03 1.000094473037674181e+00
6.117470028313927287e+03 9.987857759522635881e-01
6.117490027823306264e+03 1.001336245591804897e+00
6.117510127330232535e+03 1.000680270638804048e+00
6.117530126839610602e+03 9.999879588860667301e-01
6.117550126348990489e+03 9.990463201937804794e-01
6.117570125858366737e+03 9.986035609916467104e-01
6.117589625380012876e+03 9.991743701206393657e-01
6.117609724886938238e+03 9.992814452276389536e-01
6.117629724396318124e+03 1.000070820612473987e+00
