6.117545166480270382e+03 9.998620416919077325e-01
6.117565165255234206e+03 1.000793841669847417e+00
6.117585264024071876e+03 1.002580728764125961e+00
6.117605262799035700e+03 9.999677083275855249e-01
6.117625261574001343e+03 9.990161207357728390e-01
6.117645260348965166e+03 9.990267675120567681e-01
6.117665259123928990e+03 9.996541593151986316e-01
6.117685357892768479e+03 1.001999906579372990e+00
6.117705356667733213e+03 1.001615750788148684e+00
6.117725355442697946e+03 1.001206958051083173e+00
6.117745354217661770e+03 9.998115573134230827e-01
6.117765352992628323e+03 1.000438798399983620e+00
6.117785451761465083e+03 1.001468644044182676e+00
6.117805450536429817e+03 1.001380542073446733e+00
6.117825449311393641e+03 1.000733437922165292e+00
6.117845448086357464e+03 9.995191761100723493e-01
6.117865446861323107e+03 9.980584059327791691e-01
6.117885545630160777e+03 9.993182994278049236e-01
6.117905044435752643e+03 1.000012114531684926e+00
6.117925043210714648e+03 9.991432725840475593e-01
6.117945041985679381e+03 9.982827169708455850e-01
6.117965040760643205e+03 1.000389107953532086e+00
6.117985139529483604e+03 9.993968868774684156e-01
6.118005138304447428e+03 9.998184093350290791e-01
6.118025137079412161e+03 9.987936110343051954e-01
6.118045135854375985e+03 9.975552443307851291e-01
6.118065134629341628e+03 9.970893634167949937e-01
6.118085233398179298e+03 9.968533905708890641e-01
6.118105232173143122e+03 9.968723336403138013e-01
6.118125230948109675e+03 9.988713209680740723e-01
6.118145229723073498e+03 9.986683627659874718e-01
6.118165228498036413e+03 9.965348201779025139e-01
6.118185327266875902e+03 9.956581457567184046e-01
6.118205326041839726e+03 9.962110870788740691e-01
6.118225324816805369e+03 9.935603832700364846e-01
6.118245323591770102e+03 9.914766540798046757e-01
6.118265322366733017e+03 9.945677363653605552e-01
6.118285421135573415e+03 9.949808148971786004e-01
6.118305419910536330e+03 9.940717460363629465e-01
6.118325418685501063e+03 9.926207045470253343e-01
6.118345417460465796e+03 9.907837900084142113e-01
6.118365416235430530e+03 9.916241755849232176e-01
6.118385515004270019e+03 9.923329153951865322e-01
6.118405013809859156e+03 9.910884124916842230e-01
6.118425012584823889e+03 9.928319215756910010e-01
6.118445011359788623e+03 9.946902483672167561e-01
6.118465010134751537e+03 9.951033732722992520e-01
6.118485108903591026e+03 9.945638861753375304e-01
6.118505107678555760e+03 9.941477822285945676e-01
6.118525106453520493e+03 9.917531957516133589e-01
6.118545105228484317e+03 9.914029074268874142e-01
6.118565104003449051e+03 9.928504110726310561e-01
6.118585202772288540e+03 9.934439111064869987e-01
6.118605201547251454e+03 9.928965988370164197e-01
6.118625200322216187e+03 9.939334765214878908e-01
6.118645199097180011e+03 9.965789835957371556e-01
6.118665197872144745e+03 9.957689781158755027e-01
6.118685296640984234e+03 9.970516447002008009e-01
6.118705295415948058e+03 9.967587093002133747e-01
6.118725294190910972e+03 9.962688424624422945e-01
6.118745292965877525e+03 9.967637473154021821e-01
6.118765291740842258e+03 9.959949215687722290e-01
6.118785390509681747e+03 9.968260313608654499e-01
6.118805389284643752e+03 9.995772771513194987e-01
6.118825388059610304e+03 9.990463731877021747e-01
6.118845386834575038e+03 9.984498742784879699e-01
6.118865385609537952e+03 9.982390195616708262e-01
6.118885484378378351e+03 9.983725520792012809e-01
6.118904983183967488e+03 9.998116010284741062e-01
6.118924981958932221e+03 9.994284501628375450e-01
6.118944980733896045e+03 9.992832146568435547e-01
6.118964979508860779e+03 1.000056685399430378e+00
6.118985078277700268e+03 1.000050683625536951e+00
6.119005077052664092e+03 9.995445538397231822e-01
6.119025075827627916e+03 9.990220600315448118e-01
6.119045074602590830e+03 9.987128422748796641e-01
6.119065073377556473e+03 1.000962375275027849e+00
6.119085172146396872e+03 9.996852278437104999e-01
6.119105170921360696e+03 9.995400293568733607e-01
6.119125169696323610e+03 9.982386288634649274e-01
6.119145168471289253e+03 9.979459019105263451e-01
6.119165167246251258e+03 1.000449214512227458e+00
6.119185266015090747e+03 9.999594528488551237e-01
6.119205264790055480e+03 9.987484254559756414e-01
6.119225263565017485e+03 9.996937003230642604e-01
6.119245262339985857e+03 1.002237550526617893e+00
6.119265261114948771e+03 1.002280851627991298e+00
6.119285359883788260e+03 1.000758222132196451e+00
6.119305358658752994e+03 1.000367123517369450e+00
6.119325357433716817e+03 9.994104672930633759e-01
