6.139029599421916828e+03 1.001052827567552095e+00
6.139049598931295805e+03 1.000847949003313975e+00
6.139069598440674781e+03 1.001015583630669781e+00
6.139089097962319101e+03 1.000394376310062228e+00
6.139109197469245373e+03 1.000788438513358525e+00
6.139129196978624350e+03 9.990277722622417089e-01
6.139149196488002417e+03 9.974277989543356426e-01
6.139169195997380484e+03 9.983112426131018902e-01
6.139189195506760370e+03 9.994649396118460150e-01
6.139209295013685733e+03 1.000421421683859391e+00
6.139229294523063800e+03 1.000523318594697786e+00
6.139249294032443686e+03 1.000113924683748934e+00
6.139269293541822663e+03 1.000398425410283343e+00
6.139289293051200730e+03 9.998064281372242013e-01
6.139309392558127911e+03 9.985497522354975786e-01
6.139329392067505069e+03 9.999079622484954299e-01
6.139349391576885864e+03 9.997396059439377369e-01
6.139369391086263931e+03 9.986874490967423412e-01
6.139389390595641999e+03 9.964958479357433063e-01
6.139409490102567361e+03 9.966050482870516536e-01
6.139429489611948156e+03 9.919008288132510343e-01
6.139449489121325314e+03 9.938725849789595834e-01
6.139469488630706110e+03 9.927693032918692984e-01
6.139489488140084177e+03 9.913446410401965947e-01
6.139509587647010449e+03 9.908768176544208162e-01
6.139529587156388516e+03 9.887728742771043633e-01
6.139549586665768402e+03 9.852154137401674117e-01
6.139569586175146469e+03 9.805988596304313631e-01
6.139589085696791699e+03 9.798534953139971249e-01
6.139609185203715242e+03 9.763617770184951361e-01
6.139629184713096038e+03 9.726290276010158831e-01
6.139649184222474105e+03 9.711167275375877095e-01
6.139669183731853991e+03 9.706196982190866684e-01
6.139689183241232058e+03 9.695091252340697352e-01
6.139709282748156511e+03 9.663022766376724304e-01
6.139729282257537307e+03 9.686903652644049956e-01
6.139749281766915374e+03 9.674994492237385391e-01
6.139769281276292531e+03 9.667102587206602982e-01
6.139789280785672418e+03 9.672431076985061882e-01
6.139809380292598689e+03 9.686086196346850308e-01
6.139829379801977666e+03 9.691925960855245492e-01
6.139849379311355733e+03 9.670375442003483757e-01
6.139869378820737438e+03 9.703678518007919918e-01
6.139889378330114596e+03 9.707838333998721758e-01
6.139909477837039958e+03 9.692204109207761542e-01
6.139929477346419844e+03 9.714697126721705267e-01
6.139949476855797911e+03 9.753916428269838734e-01
6.139969476365176888e+03 9.790433199836705569e-01
6.139989475874555865e+03 9.816066901661211208e-01
6.140009575381483046e+03 9.855213065879380174e-01
6.140029574890861113e+03 9.881942333410507207e-01
6.140049574400240090e+03 9.901951857461102069e-01
6.140069573909619976e+03 9.915972049850326764e-01
6.140089073431261568e+03 9.927947189766764824e-01
6.140109172938187839e+03 9.921589072745066185e-01
6.140129172447567726e+03 9.914281453376265763e-01
6.140149171956946702e+03 9.938308149097609956e-01
6.140169171466325679e+03 9.942906101631420190e-01
6.140189170975703746e+03 9.930120460319417086e-01
6.140209270482629108e+03 9.926464844102064200e-01
6.140229269992008085e+03 9.955531277585909500e-01
6.140249269501387971e+03 9.975102461872361603e-01
6.140269269010767857e+03 9.967794841828588881e-01
6.140289268520145924e+03 9.988680730564898358e-01
6.140309368027072196e+03 9.989553588377985127e-01
6.140329367536451173e+03 9.976183641852969242e-01
6.140349367045829240e+03 9.999114627361495033e-01
6.140369366555208217e+03 1.000780278486043562e+00
6.140389366064586284e+03 9.986690602852890120e-01
6.140409465571511646e+03 9.982012419473385023e-01
6.140429465080891532e+03 1.001889400592949508e+00
6.140449464590269599e+03 1.000194512022616333e+00
6.140469464099651304e+03 1.000179542996945337e+00
6.140489463609028462e+03 9.996898146309564082e-01
6.140509563115953824e+03 1.000361418814700087e+00
