6.144643606550780532e+03 9.996809020038425198e-01
6.144663605325744356e+03 1.001074480991877458e+00
6.144683704094582936e+03 1.000934145800014496e+00
6.144703702869547669e+03 9.994308017842028491e-01
6.144723701644512403e+03 9.999154817981413812e-01
6.144743700419475317e+03 9.993128957687736902e-01
6.144763699194440960e+03 9.984182694486294363e-01
6.144783797963280449e+03 9.981563554529707671e-01
6.144803796738244273e+03 9.983814026400543717e-01
6.144823795513207187e+03 9.989309365337375457e-01
6.144843794288172830e+03 9.987746650407471893e-01
6.144863793063136654e+03 9.970446785535472811e-01
6.144883891831974324e+03 1.000246558033201616e+00
6.144903390637567099e+03 1.000269575051937254e+00
6.144923389412529104e+03 9.969661522692202515e-01
6.144943388187495657e+03 9.982861556016057181e-01
6.144963386962459481e+03 9.990707687348491239e-01
6.144983485731297151e+03 9.977059227558550125e-01
6.145003484506262794e+03 9.959520630181345480e-01
6.145023483281227527e+03 9.985938082776503188e-01
6.145043482056192261e+03 9.980564597466093923e-01
6.145063480831155175e+03 9.968460861495495040e-01
6.145083579599994664e+03 9.970303558501376617e-01
6.145103578374958488e+03 9.968336801836510386e-01
6.145123577149923221e+03 9.952180582736374070e-01
6.145143575924886136e+03 9.935133597090903823e-01
6.145163574699851779e+03 9.941762517381019792e-01
6.145183673468690358e+03 9.937849509776300883e-01
6.145203672243655092e+03 9.918129416567127432e-01
6.145223671018618916e+03 9.884791032177836501e-01
6.145243669793583649e+03 9.889231986714501765e-01
6.145263668568547473e+03 9.897239442680618726e-01
6.145283767337387872e+03 9.893085488835762220e-01
6.145303766112351695e+03 9.881395127452232696e-01
6.145323764887314610e+03 9.893130575290879358e-01
6.145343763662280253e+03 9.895219959637977514e-01
6.145363762437244077e+03 9.894148261419575263e-01
6.145383861206083566e+03 9.896803087674671540e-01
6.145403360011675431e+03 9.891444626856151778e-01
6.145423358786639255e+03 9.871166365109557139e-01
6.145443357561603989e+03 9.856319093959101663e-01
6.145463356336565084e+03 9.873400954110594929e-01
6.145483455105405483e+03 9.880107704158307413e-01
6.145503453880371126e+03 9.874337052769914802e-01
6.145523452655334040e+03 9.890849330149386054e-01
6.145543451430297864e+03 9.925672021028155712e-01
6.145563450205263507e+03 9.933593078652349639e-01
6.145583548974102996e+03 9.915504787839207745e-01
6.145603547749066820e+03 9.925208007774550811e-01
6.145623546524030644e+03 9.931102931472949313e-01
6.145643545298997196e+03 9.931488732260844721e-01
6.145663544073959201e+03 9.925879934913849345e-01
6.145683642842797781e+03 9.941331097133918604e-01
6.145703641617760695e+03 9.983918625391889901e-01
6.145723640392728157e+03 9.979361596617111196e-01
6.145743639167691072e+03 9.950343930024694306e-01
6.145763637942654896e+03 9.979481777170711165e-01
6.145783736711495294e+03 9.977110412409775364e-01
6.145803735486458208e+03 9.970367579097499933e-01
6.145823734261422942e+03 9.987353915865968546e-01
6.145843733036386766e+03 1.001081768358250690e+00
6.145863731811353318e+03 1.001184844576104238e+00
6.145883830580190988e+03 9.969068894298038774e-01
6.145903329385781035e+03 9.969056978875453501e-01
6.145923328160746678e+03 9.976890681727058618e-01
6.145943326935711411e+03 9.966424942027640732e-01
6.145963325710675235e+03 9.966485481996406603e-01
6.145983424479512905e+03 9.985084823770761231e-01
6.146003423254476729e+03 9.989354649640608264e-01
6.146023422029441463e+03 9.980913871174923457e-01
6.146043420804406196e+03 9.991093236632249130e-01
6.146063419579370930e+03 1.000693852765101033e+00
6.146083518348209509e+03 1.000497221638048106e+00
6.146103517123173333e+03 9.985118660648413247e-01
6.146123515898137157e+03 1.000670950223081057e+00
6.146143514673101890e+03 1.002117608115280278e+00
