6.161142595896331841e+03 1.000175738244458268e+00
6.161162594671294755e+03 9.997410962501865894e-01
6.161182693440134244e+03 9.990852163282428755e-01
6.161202692215100797e+03 9.979775438869078474e-01
6.161222690990063711e+03 9.995532365428470012e-01
6.161242689765031173e+03 9.987819256756522712e-01
6.161262688539993178e+03 9.979366305267579618e-01
6.161282787308832667e+03 9.998085391843277714e-01
6.161302786083796491e+03 1.001877369807353313e+00
6.161322784858761224e+03 1.000670893921379978e+00
6.161342783633725048e+03 9.991933034090547672e-01
6.161362782408689782e+03 9.982574044066950814e-01
6.161382881177528361e+03 9.973710039990977272e-01
6.161402379983119317e+03 9.967121913815506495e-01
6.161422378758083141e+03 9.961208289879599498e-01
6.161442377533046965e+03 9.946095008137724180e-01
6.161462376308011699e+03 9.917016018044476633e-01
6.161482475076852097e+03 9.916358248893666349e-01
6.161502473851815012e+03 9.912246392612497070e-01
6.161522472626781564e+03 9.890306001298621030e-01
6.161542471401743569e+03 9.854066093523816683e-01
6.161562470176708302e+03 9.833350653757070292e-01
6.161582568945548701e+03 9.812882298961440597e-01
6.161602567720510706e+03 9.798159908540210461e-01
6.161622566495477258e+03 9.782531275164138007e-01
6.161642565270440173e+03 9.758763221893000939e-01
6.161662564045403997e+03 9.759897934753118953e-01
6.161682662814242576e+03 9.760214379653755490e-01
6.161702661589209129e+03 9.768172890840624012e-01
6.161722660364172043e+03 9.790273956920381160e-01
6.161742659139135867e+03 9.807527115569866227e-01
6.161762657914099691e+03 9.815984270945685708e-01
6.161782756682939180e+03 9.840153329927345816e-01
6.161802755457904823e+03 9.872053053692284585e-01
6.161822754232867737e+03 9.891538080850106329e-01
6.161842753007831561e+03 9.930520182786107819e-01
6.161862751782796295e+03 9.942279985648868612e-01
6.161882850551635784e+03 9.952975762449973729e-01
6.161902349357226740e+03 9.973934963401787090e-01
6.161922348132189654e+03 9.977801863120906445e-01
6.161942346907155297e+03 9.974592876827031995e-01
6.161962345682120031e+03 1.000257149831043968e+00
6.161982444450957701e+03 1.003064028931854645e+00
6.162002443225921525e+03 9.984801685423493334e-01
6.162022442000886258e+03 9.988094643180500665e-01
6.162042440775851901e+03 9.997314761246753889e-01
6.162062439550815725e+03 1.000604231754455453e+00
6.162082538319656123e+03 1.000892965275894220e+00
6.162102537094618128e+03 1.000992002989843144e+00
6.162122535869582862e+03 1.000654655941054516e+00
6.162142534644547595e+03 1.000341961957024184e+00
6.162162533419510510e+03 9.999303990333988645e-01
