6.165108559661798608e+03 9.998642200417828807e-01
6.165128559171177585e+03 9.988163120826337726e-01
6.165148558680554743e+03 9.997960198337437765e-01
6.165168558189935538e+03 1.000665039599903050e+00
6.165188557699313606e+03 1.000295477145936252e+00
6.165208657206240787e+03 9.996824290058804463e-01
6.165228656715618854e+03 9.996446615617228248e-01
6.165248656224998740e+03 9.993341785214122641e-01
6.165268655734376807e+03 1.000556776024520422e+00
6.165288655243755784e+03 1.001373893581678498e+00
6.165308754750681146e+03 1.001726374875371972e+00
6.165328754260060123e+03 1.001858004667953272e+00
6.165348753769438190e+03 1.000206354164740352e+00
6.165368753278818076e+03 1.000581210605320681e+00
6.165388752788196143e+03 1.000698144617353957e+00
6.165408852295122415e+03 9.999601497860015620e-01
6.165428851804501392e+03 9.981984377042036893e-01
6.165448851313880368e+03 9.980871043835919387e-01
6.165468850823259345e+03 9.993459610999777532e-01
6.165488850332638322e+03 9.998459713460090548e-01
6.165508949839564593e+03 9.983127135218572423e-01
6.165528949348943570e+03 9.975900718689553193e-01
6.165548948858321637e+03 9.975892764190453788e-01
6.165568948367699704e+03 9.981334628078925020e-01
6.165588447889345844e+03 9.985978958531669392e-01
6.165608547396272115e+03 9.980224064957006203e-01
6.165628546905649273e+03 9.975208744445434039e-01
6.165648546415029159e+03 9.976378937395209423e-01
6.165668545924407226e+03 9.964222542524259207e-01
6.165688545433785293e+03 9.946913813909170621e-01
6.165708644940711565e+03 9.959861772743833219e-01
6.165728644450090542e+03 9.950137475033606904e-01
6.165748643959471337e+03 9.934672508997668405e-01
6.165768643468849405e+03 9.926569925589433518e-01
6.165788642978228381e+03 9.930318392971307917e-01
6.165808742485152834e+03 9.936492660563071011e-01
6.165828741994530901e+03 9.926624965174657422e-01
6.165848741503912606e+03 9.941043705940140196e-01
6.165868741013291583e+03 9.955828879490209449e-01
6.165888740522667831e+03 9.951848484419416607e-01
6.165908840029595012e+03 9.949263932584783143e-01
6.165928839538973989e+03 9.949478176696073817e-01
6.165948839048352056e+03 9.960066167804061399e-01
6.165968838557733761e+03 9.974772913782495865e-01
6.165988838067110009e+03 9.983887174225744010e-01
6.166008937574035372e+03 9.970855936284418464e-01
6.166028937083415258e+03 9.970480550707750966e-01
6.166048936592795144e+03 9.980696913811316628e-01
6.166068936102173211e+03 9.993339348465408722e-01
6.166088435623816622e+03 9.981282144724813454e-01
6.166108535130743803e+03 9.988331435079166321e-01
6.166128534640121870e+03 9.984719569012820983e-01
6.166148534149500847e+03 9.983314114504108217e-01
6.166168533658879824e+03 9.988085370383565920e-01
6.166188533168258800e+03 9.989326851984658973e-01
6.166208632675184163e+03 9.996373888043694755e-01
6.166228632184564049e+03 9.993644791336419031e-01
6.166248631693943025e+03 9.990842468813346811e-01
6.166268631203321092e+03 9.994215384092877130e-01
6.166288630712700979e+03 9.986561846715191759e-01
6.166308730219626341e+03 9.993607198569346428e-01
6.166328729729005317e+03 9.992348971576194838e-01
6.166348729238383385e+03 9.990061938693631793e-01
6.166368728747762361e+03 9.998651955807484892e-01
6.166388728257141338e+03 9.995482982090339030e-01
6.166408827764067610e+03 9.986726927066940096e-01
6.166428827273448405e+03 9.991494798032409808e-01
6.166448826782824653e+03 1.000331592067768893e+00
6.166468826292204540e+03 9.998677926899883772e-01
6.166488825801582607e+03 1.000403218483537193e+00
6.166508925308508879e+03 1.000247755869960509e+00
6.166528924817887855e+03 1.000239493875715091e+00
6.166548924327266832e+03 1.000370801942627175e+00
6.166568923836644899e+03 9.993709134795899507e-01
6.166588423358288310e+03 1.000708136318374519e+00
6.166608522865214582e+03 1.000200159834942149e+00
6.166628522374595377e+03 9.997218753755090503e-01
