6.181468458326369728e+03 9.990563624008518273e-01
6.181488457835748704e+03 9.986809855799236857e-01
6.181508557342673157e+03 9.995238769563089543e-01
6.181528556852053043e+03 9.996996909152400246e-01
6.181548556361431110e+03 1.000557182539495882e+00
6.181568555870809178e+03 1.000928736180743295e+00
6.181588055392453498e+03 9.992636485698496163e-01
6.181608154899380679e+03 9.991274375038919908e-01
6.181628154408759656e+03 1.000492370217447302e+00
6.181648153918138632e+03 1.002785257683582953e+00
6.181668153427519428e+03 1.001119327068580089e+00
6.181688152936896586e+03 9.996347841022574787e-01
6.181708252443821948e+03 1.000027809932647394e+00
6.181728251953202744e+03 9.998628140802870989e-01
6.181748251462579901e+03 9.995383538394978507e-01
6.181768250971958878e+03 1.001287054084140093e+00
6.181788250481339674e+03 1.000317453116944977e+00
6.181808349988265036e+03 1.001116263724656452e+00
6.181828349497643103e+03 1.002748714612209602e+00
6.181848349007022989e+03 1.003018498479937071e+00
6.181868348516401056e+03 1.000845952754953583e+00
6.181888348025778214e+03 9.984779223574730134e-01
6.181908447532706305e+03 9.993491105765448523e-01
6.181928447042085281e+03 1.000032031069542304e+00
6.181948446551462439e+03 1.000004787668483663e+00
6.181968446060841416e+03 9.998253873410820614e-01
6.181988445570221302e+03 1.000211142418628851e+00
6.182008545077146664e+03 1.000125726423573669e+00
6.182028544586526550e+03 9.999173652335574536e-01
6.182048544095903708e+03 1.000940583004724216e+00
6.182068543605280865e+03 9.993558123029950835e-01
6.182088043126928824e+03 9.980981894366803830e-01
6.182108142633853276e+03 9.989110847527065129e-01
6.182128142143232253e+03 1.000745422540179064e+00
6.182148141652612139e+03 9.992550828161894660e-01
6.182168141161992025e+03 9.989526657664863363e-01
6.182188140671367364e+03 9.984185184030788252e-01
6.182208240178293636e+03 9.990429382507357570e-01
6.182228239687672612e+03 9.977267218726489917e-01
6.182248239197053408e+03 9.944771453339926737e-01
6.182268238706431475e+03 9.969845618851087554e-01
6.182288238215809542e+03 9.969864328800588371e-01
6.182308337722734905e+03 9.967708795042878878e-01
6.182328337232113881e+03 9.973592202194531131e-01
6.182348336741493767e+03 9.970135585518451471e-01
6.182368336250872744e+03 9.959150025346240609e-01
6.182388335760251721e+03 9.950699155164383081e-01
6.182408435267176174e+03 9.955132417084407992e-01
6.182428434776556969e+03 9.968977750177016040e-01
6.182448434285935036e+03 9.972398578321087781e-01
6.182468433795313103e+03 9.975384835692721053e-01
6.182488433304692990e+03 9.971567280554933799e-01
6.182508532811619261e+03 9.964273953181808086e-01
6.182528532320998238e+03 9.962121748768283380e-01
6.182548531830377215e+03 9.961851328236365211e-01
6.182568531339755282e+03 9.969541224255116241e-01
6.182588030861400512e+03 9.973477981859901753e-01
6.182608130368324964e+03 9.964160012550430379e-01
6.182628129877704851e+03 9.960054625754307667e-01
6.182648129387083827e+03 9.962967949358098041e-01
6.182668128896462804e+03 9.960671741432176596e-01
6.182688128405840871e+03 9.973207120035687545e-01
6.182708227912767143e+03 9.969678736563603039e-01
6.182728227422147938e+03 9.981778645118485338e-01
6.182748226931525096e+03 9.982520293889413088e-01
6.182768226440904982e+03 9.983912909253918055e-01
6.182788225950284868e+03 9.988054071936246503e-01
6.182808325457210231e+03 9.977654452076289981e-01
6.182828324966586479e+03 9.971814390412190310e-01
6.182848324475967274e+03 9.987599730540700493e-01
6.182868323985346251e+03 9.991089169820719373e-01
6.182888323494723409e+03 9.985104650143145077e-01
6.182908423001648771e+03 9.985771540741906760e-01
6.182928422511028657e+03 9.999167380203320965e-01
6.182948422020408543e+03 1.000851280001180399e+00
6.182968421529786610e+03 9.993345696297417646e-01
6.182988421039166496e+03 9.983891797567970849e-01
6.183008520546092768e+03 9.979569913030573725e-01
6.183028520055470835e+03 9.982697059634372261e-01
6.183048519564849812e+03 9.989800117928474554e-01
6.183068519074228789e+03 9.997047169585860926e-01
6.183088018595871290e+03 1.000134022019665281e+00
6.183108118102797562e+03 9.997090800088743734e-01
6.183128117612176538e+03 1.000209591518456342e+00
6.183148117121554606e+03 9.994090395385168968e-01
6.183168116630935401e+03 9.996999220228005578e-01
6.183188116140313468e+03 1.000359372821365556e+00
6.183208215647240650e+03 1.000252499096683900e+00
6.183228215156617807e+03 1.000073575677907334e+00
6.183248214665998603e+03 1.001694039897851773e+00
6.183268214175376670e+03 1.002324394560435650e+00
6.183288213684755647e+03 1.001018184181593051e+00
6.183308313191681918e+03 1.000578933878867316e+00
6.183328312701058167e+03 1.000927474469049283e+00
6.183348312210437143e+03 1.000813593302274818e+00
6.183368311719817029e+03 9.994065201551148858e-01
6.183388311229195097e+03 1.000889280381129787e+00
6.183408410736122278e+03 1.000984703378205776e+00
6.183428410245500345e+03 1.001304261145264274e+00
6.183448409754878412e+03 1.000424710293806196e+00
6.183468409264259208e+03 9.992057477664821885e-01
6.183488408773636365e+03 9.993881075003456793e-01
6.183508508280564456e+03 1.001866994742776962e+00
6.183528507789942523e+03 1.000929790552673948e+00
6.183548507299321500e+03 1.000230986742607797e+00
6.183568506808701386e+03 1.001561506450137751e+00
6.183588006330342978e+03 1.001506470092880630e+00
6.183608105837270159e+03 1.000525902922126509e+00
6.183628105346650045e+03 1.000058294644917689e+00
6.183648104856028112e+03 9.995546235601863172e-01
