6.185087969533761679e+03 9.985088746556310957e-01
6.185108069040687042e+03 1.000104936836331060e+00
6.185128068550066018e+03 1.000420442437536250e+00
6.185148068059444995e+03 1.002663986891760173e+00
6.185168067568823972e+03 1.002065682290442794e+00
6.185188067078199310e+03 1.000359654092385586e+00
6.185208166585127401e+03 1.000164072973642959e+00
6.185228166094504559e+03 1.001774156630660828e+00
6.185248165603887173e+03 1.001924035057639273e+00
6.185268165113266150e+03 9.997725266143349110e-01
6.185288164622643308e+03 9.998865487078222314e-01
6.185308264129570489e+03 9.987130874538140413e-01
6.185328263638948556e+03 9.975903905035478081e-01
6.185348263148326623e+03 9.973162564463766699e-01
6.185368262657707419e+03 9.972578450406867079e-01
6.185388262167084577e+03 9.952871000838139359e-01
6.185408361674010848e+03 9.941070665444898813e-01
6.185428361183388915e+03 9.926758687464254383e-01
6.185448360692768802e+03 9.908351237232844166e-01
6.185468360202148688e+03 9.887214671483769424e-01
6.185488359711524936e+03 9.866152455840988544e-01
6.185508459218453027e+03 9.847173977487800878e-01
6.185528458727829275e+03 9.831146995896957730e-01
6.185548458237210980e+03 9.824032385726277905e-01
6.185568457746589047e+03 9.813828864492561976e-01
6.185587957268234277e+03 9.847325987036866790e-01
6.185608056775159639e+03 9.835610639147776002e-01
6.185628056284538616e+03 9.822893758527666552e-01
6.185648055793914864e+03 9.834028539920952605e-01
6.185668055303296569e+03 9.852991890745923520e-01
6.185688054812674636e+03 9.853564685714687466e-01
6.185708154319599998e+03 9.877836861443098915e-01
6.185728153828979885e+03 9.864833968548073484e-01
6.185748153338357042e+03 9.874454901763510817e-01
6.185768152847736928e+03 9.890250599233482154e-01
6.185788152357116815e+03 9.911789126938652661e-01
6.185808251864042177e+03 9.937486878310981542e-01
6.185828251373418425e+03 9.950763124651819114e-01
6.185848250882800130e+03 9.956212078802526566e-01
6.185868250392178197e+03 9.970060017997686153e-01
6.185888249901557174e+03 9.976512237980403874e-01
6.185908349408483446e+03 9.989708409339196349e-01
6.185928348917863332e+03 9.999963018827858763e-01
6.185948348427239580e+03 9.999234888317926062e-01
6.185968347936618557e+03 9.989894373834464769e-01
6.185988347445999352e+03 9.993831741320523543e-01
6.186008446952924714e+03 9.988651931653490523e-01
6.186028446462304601e+03 1.000909325858222898e+00
6.186048445971681758e+03 9.994301079773133534e-01
6.186068445481060735e+03 9.997591536833791981e-01
6.186087945002705055e+03 1.000390953453611287e+00
6.186108044509631327e+03 9.998587176561098966e-01
