6.192147896342054992e+03 9.996409173203195664e-01
6.192167895851433968e+03 1.001125261158371194e+00
6.192187895360812945e+03 9.990703924313057982e-01
6.192207994867738307e+03 9.977749366063414227e-01
6.192227994377118193e+03 1.000720778225214103e+00
6.192247993886498080e+03 9.998337187215409205e-01
6.192267993395876147e+03 9.976141294040812291e-01
6.192287992905254214e+03 9.992632086698127747e-01
6.192308092412178667e+03 9.994865813329124604e-01
6.192328091921558553e+03 9.997529650794896305e-01
6.192348091430937529e+03 9.990736941992603981e-01
6.192368090940317416e+03 9.971765538718668775e-01
6.192388090449696392e+03 9.992410962666740115e-01
6.192408189956621754e+03 9.998871328555773985e-01
6.192428189466001641e+03 9.977034668942662554e-01
6.192448188975378798e+03 9.969167708456498911e-01
6.192468188484759594e+03 9.960011360935544511e-01
6.192488187994136752e+03 9.977217658845027870e-01
6.192508287501061204e+03 9.978448432336018969e-01
6.192528287010440181e+03 9.953890347230148761e-01
6.192548286519820977e+03 9.969592021968779472e-01
6.192568286029198134e+03 9.956854159489801903e-01
6.192587785550847002e+03 9.932154815955821503e-01
6.192607885057770545e+03 9.968845057266902954e-01
6.192627884567149522e+03 9.967568926839108778e-01
6.192647884076526680e+03 9.939000264134644214e-01
6.192667883585907475e+03 9.939013728219918686e-01
6.192687883095285542e+03 9.950703395107699523e-01
6.192707982602210905e+03 9.951217929175559807e-01
6.192727982111590791e+03 9.942850343066260699e-01
6.192747981620969767e+03 9.963278873009743242e-01
6.192767981130347835e+03 9.953048896899655551e-01
6.192787980639727721e+03 9.959222550551426467e-01
6.192808080146651264e+03 9.973776623877264047e-01
6.192828079656029331e+03 9.961827642420827411e-01
6.192848079165411036e+03 9.947658277800063287e-01
6.192868078674790013e+03 9.967513029036241257e-01
6.192888078184167171e+03 9.975118998079375299e-01
6.192908177691093442e+03 9.969473308857418337e-01
6.192928177200473328e+03 1.001733417470120235e+00
6.192948176709851396e+03 1.001691741843157679e+00
6.192968176219230372e+03 9.980400523424114434e-01
6.192988175728609349e+03 9.988507584139626472e-01
6.193008275235536530e+03 1.000091184365475616e+00
6.193028274744912778e+03 9.981299423979931307e-01
6.193048274254293574e+03 1.000079480703336854e+00
6.193068273763670732e+03 9.999590287561979096e-01
6.193087773285315961e+03 9.989863898243003248e-01
6.193107872792241324e+03 1.000391515010304877e+00
6.193127872301619391e+03 1.001438533400322184e+00
6.193147871810999277e+03 9.999214181239750587e-01
6.193167871320378254e+03 9.987839229898047844e-01
6.193187870829757230e+03 1.000060125052810722e+00
