6.194028250213857973e+03 1.000624026983222281e+00
6.194048249723236950e+03 1.000033959184787324e+00
6.194068249232615926e+03 1.001916139135087480e+00
6.194087748754259337e+03 1.000499208453451860e+00
6.194107848261185609e+03 9.999590630782924094e-01
6.194127847770565495e+03 9.987704468197012853e-01
6.194147847279943562e+03 9.980021760304870204e-01
6.194167846789324358e+03 9.983881696550831464e-01
6.194187846298702425e+03 9.982896515419092953e-01
6.194207945805628697e+03 1.001454667613509875e+00
6.194227945315004945e+03 1.000073591408095375e+00
6.194247944824384831e+03 9.975096094711300987e-01
6.194267944333764717e+03 9.965916053628234295e-01
6.194287943843142784e+03 9.961866375080172809e-01
6.194308043350069056e+03 9.926462891259595356e-01
6.194328042859448033e+03 9.925619227657194177e-01
6.194348042368827009e+03 9.895415458179859236e-01
6.194368041878206895e+03 9.858226934178547785e-01
6.194388041387585872e+03 9.868428173124788039e-01
6.194408140894510325e+03 9.847059811298329857e-01
6.194428140403887483e+03 9.825975086971232564e-01
6.194448139913268278e+03 9.790564867475258781e-01
6.194468139422646345e+03 9.762993134533389794e-01
6.194488138932025322e+03 9.752952982760216827e-01
6.194508238438949775e+03 9.723313698901659974e-01
6.194528237948329661e+03 9.715838419624487354e-01
6.194548237457710457e+03 9.703231222999804118e-01
6.194568236967086705e+03 9.678578243616403620e-01
6.194587736488732844e+03 9.717498569879460257e-01
6.194607835995659116e+03 9.753359716310243677e-01
6.194627835505037183e+03 9.760638824525099677e-01
6.194647835014417069e+03 9.803557608590030004e-01
6.194667834523795136e+03 9.828230041509214976e-01
6.194687834033171384e+03 9.851192492347432550e-01
6.194707933540099475e+03 9.885133883520740294e-01
6.194727933049479361e+03 9.934330195635040495e-01
6.194747932558856519e+03 9.967988026092806653e-01
6.194767932068235496e+03 9.961869566767985740e-01
6.194787931577616291e+03 9.987473475661806654e-01
6.194808031084539834e+03 9.993332245105908118e-01
6.194828030593920630e+03 9.975593805348357268e-01
6.194848030103298697e+03 1.002472480940697297e+00
6.194868029612678583e+03 1.002680522448180733e+00
6.194888029122057560e+03 9.995378375624082157e-01
6.194908128628982922e+03 9.990900190135498793e-01
6.194928128138360989e+03 9.998255960240897133e-01
6.194948127647739057e+03 1.000824989152805822e+00
6.194968127157117124e+03 1.002337748840474552e+00
6.194988126666497010e+03 1.000635028055236075e+00
6.195008226173423282e+03 1.000023204011106559e+00
6.195028225682802258e+03 1.000566342291963728e+00
