6.195240607204348635e+03 9.997505633428211969e-01
6.195260605979313368e+03 9.993267308819353545e-01
6.195280704748151948e+03 9.979489576863579403e-01
6.195300703523115772e+03 9.973025180550328939e-01
6.195320702298081414e+03 9.982778266292063885e-01
6.195340701073042510e+03 9.968125497869175788e-01
6.195360699848009062e+03 9.945045709860756977e-01
6.195380798616848551e+03 9.924907407379840452e-01
6.195400797391812375e+03 9.931162462449406592e-01
6.195420296197401512e+03 9.928432735242792573e-01
6.195440294972366246e+03 9.902967216912931248e-01
6.195460293747331889e+03 9.883781986420309140e-01
6.195480392516170468e+03 9.842018455201820837e-01
6.195500391291136111e+03 9.760582850221710682e-01
6.195520390066099935e+03 9.717386883901778516e-01
6.195540388841064669e+03 9.674508456676988999e-01
6.195560387616029402e+03 9.594342654283933847e-01
6.195580486384867072e+03 9.507656955223087181e-01
6.195600485159831806e+03 9.417074359899689773e-01
6.195620483934795629e+03 9.316314226118898034e-01
6.195640482709761272e+03 9.210782709557965298e-01
6.195660481484724187e+03 9.119163447070717243e-01
6.195680580253564585e+03 9.027304914805495129e-01
6.195700579028527500e+03 8.940931049128508779e-01
6.195720577803492233e+03 8.879203247887854644e-01
6.195740576578456057e+03 8.810716686590548408e-01
6.195760575353418972e+03 8.767433204720440632e-01
6.195780674122261189e+03 8.785131950941262868e-01
6.195800672897223194e+03 8.806090487344779838e-01
6.195820671672187927e+03 8.840327194820973844e-01
6.195840670447152661e+03 8.896190743195405704e-01
6.195860669222115575e+03 8.964776421273185081e-01
6.195880767990955064e+03 9.052763518715452040e-01
6.195900766765920707e+03 9.160708434910702636e-01
6.195920265571509844e+03 9.297197641116478062e-01
6.195940264346474578e+03 9.433133004192369997e-01
6.195960263121440221e+03 9.544739279130780574e-01
6.195980361890277891e+03 9.656665081737122458e-01
6.196000360665242624e+03 9.729074114608659007e-01
6.196020359440206448e+03 9.803710299451080523e-01
6.196040358215173001e+03 9.854413763941142212e-01
6.196060356990136825e+03 9.896927855861619161e-01
6.196080455758973585e+03 9.919723142894223411e-01
6.196100454533937409e+03 9.955081731358953467e-01
6.196120453308903961e+03 9.972470284155329212e-01
6.196140452083869604e+03 9.985088091974930746e-01
6.196160450858832519e+03 9.991344756765628832e-01
6.196180549627671098e+03 1.000308839605136280e+00
6.196200548402634922e+03 9.998133347727476972e-01
6.196220547177600565e+03 9.979262716705470382e-01
6.196240545952563480e+03 1.001009046598944963e+00
6.196260544727527304e+03 1.000807754610277600e+00
6.196280643496368612e+03 9.992069601741435658e-01
