6.200995394823758033e+03 1.001811527909325816e+00
6.201015494354719522e+03 1.001109913992711098e+00
6.201035493888012752e+03 1.000702119927942446e+00
6.201055493421307801e+03 1.001434462142381854e+00
6.201075492954602851e+03 9.985438128322874363e-01
6.201095492487899719e+03 9.981173867305656033e-01
6.201115092030526284e+03 1.000187498985628309e+00
6.201135091563822243e+03 9.990952330186467778e-01
6.201155091097116383e+03 9.974104815226335630e-01
6.201175090630411432e+03 9.968992492935697669e-01
6.201195090163708301e+03 9.977199824245582827e-01
6.201215189694668879e+03 9.983129804303502164e-01
6.201235189227964838e+03 9.975072986675636022e-01
6.201255188761259888e+03 9.986888970906534491e-01
6.201275188294553118e+03 9.980671651955423940e-01
6.201295187827849986e+03 9.977361378564757466e-01
6.201315287358808746e+03 9.983035544305596254e-01
6.201335286892104705e+03 9.956017648053218094e-01
6.201355286425400664e+03 9.948287388375063323e-01
6.201375285958694803e+03 9.928848255128228661e-01
6.201395285491989853e+03 9.934149442461553958e-01
6.201415385022951341e+03 9.940301326720468733e-01
6.201435384556248209e+03 9.927228595638987185e-01
6.201455384089540530e+03 9.955584103974263188e-01
6.201475383622834670e+03 9.959157338029547279e-01
6.201495383156131538e+03 9.948735159408317319e-01
6.201515482687091207e+03 9.936473116590536225e-01
6.201535482220386257e+03 9.947965520616425250e-01
6.201555481753683125e+03 9.938424768528345554e-01
6.201575481286975446e+03 9.898563080010223114e-01
6.201595480820273224e+03 9.903902504848858257e-01
6.201615080362900699e+03 9.890954946795884606e-01
6.201635079896196658e+03 9.868622141549716620e-01
6.201655079429491707e+03 9.899976584665221013e-01
6.201675078962786756e+03 9.903806487133758329e-01
6.201695078496082715e+03 9.895954029554800968e-01
6.201715178027043294e+03 9.872218449758745074e-01
6.201735177560338343e+03 9.912353467890273606e-01
6.201755177093633392e+03 9.922304086741571272e-01
6.201775176626927532e+03 9.885844578399648475e-01
6.201795176160222582e+03 9.903905294244306212e-01
6.201815275691184070e+03 9.906671047868083058e-01
6.201835275224480029e+03 9.901248736675596351e-01
6.201855274757774168e+03 9.891105995010912588e-01
6.201875274291069218e+03 9.901759648252997925e-01
6.201895273824365177e+03 9.886600292753079389e-01
6.201915373355325755e+03 9.890988521351795626e-01
6.201935372888619895e+03 9.881100731346538213e-01
6.201955372421914944e+03 9.869736305198252291e-01
6.201975371955209994e+03 9.857116285288179958e-01
6.201995371488504134e+03 9.823836672655195112e-01
6.202015471019467441e+03 9.818741142090913199e-01
6.202035470552761581e+03 9.805119365336024684e-01
6.202055470086056630e+03 9.758289221052354190e-01
6.202075469619350770e+03 9.787464280274721373e-01
6.202095469152645819e+03 9.795461884067983016e-01
6.202115068695275113e+03 9.770714977567650505e-01
6.202135068228571981e+03 9.775760072852510696e-01
6.202155067761864302e+03 9.785124021045829013e-01
6.202175067295160261e+03 9.790318294980709934e-01
6.202195066828454401e+03 9.737117608595220464e-01
6.202215166359418618e+03 9.755048202787657274e-01
6.202235165892712757e+03 9.728714268211831051e-01
6.202255165426005988e+03 9.699128087647298502e-01
6.202275164959301037e+03 9.707530756168679664e-01
6.202295164492596996e+03 9.691232202122420647e-01
6.202315264023557575e+03 9.681839900524852327e-01
6.202335263556851714e+03 9.695376171012283217e-01
6.202355263090147673e+03 9.685352048019200133e-01
6.202375262623442723e+03 9.644819567372233671e-01
6.202395262156736862e+03 9.606017949715572879e-01
6.202415361687698351e+03 9.615677362063894673e-01
6.202435361220994309e+03 9.616173706449552272e-01
6.202455360754287540e+03 9.604257308209268595e-01
6.202475360287583499e+03 9.599876220628096313e-01
6.202495359820877638e+03 9.585740428509352817e-01
6.202515459351840036e+03 9.572603516067484941e-01
6.202535458885135995e+03 9.550852048855965615e-01
6.202555458418429225e+03 9.560472234828077953e-01
6.202575457951724275e+03 9.548991256711821807e-01
6.202595457485019324e+03 9.485765930757709130e-01
6.202615057027647708e+03 9.526604284647076648e-01
6.202635056560944577e+03 9.528352045802005454e-01
6.202655056094237807e+03 9.506663473133235565e-01
6.202675055627532856e+03 9.503197628315614987e-01
6.202695055160828815e+03 9.488233410296725845e-01
6.202715154691791213e+03 9.458296149121011576e-01
6.202735154225084443e+03 9.443179287473189021e-01
6.202755153758380402e+03 9.475540085617243369e-01
6.202775153291676361e+03 9.467855415216406278e-01
6.202795152824969591e+03 9.469452386103693886e-01
6.202815252355930170e+03 9.455629851065749936e-01
6.202835251889226129e+03 9.438140836350585872e-01
6.202855251422520269e+03 9.429675059645070689e-01
6.202875250955818046e+03 9.441109851139828368e-01
6.202895250489111277e+03 9.456985393464394374e-01
6.202915350020070946e+03 9.459510165279972904e-01
6.202935349553367814e+03 9.462291255049193328e-01
6.202955349086661954e+03 9.500297901070243745e-01
6.202975348619957913e+03 9.509483538704620598e-01
6.202995348153251143e+03 9.489805693710894330e-01
6.203015447684213541e+03 9.464688130131833077e-01
6.203035447217507681e+03 9.499188529196422870e-01
6.203055446750805459e+03 9.506044590229505431e-01
6.203075446284098689e+03 9.484991959726003508e-01
6.203095445817394648e+03 9.500843275366560592e-01
6.203115045360022123e+03 9.520312507583875705e-01
6.203135044893317172e+03 9.526579259260126165e-01
6.203155044426612221e+03 9.544879810179697222e-01
6.203175043959907271e+03 9.595359126835213415e-01
6.203195043493201410e+03 9.601076365476332031e-01
6.203215143024163808e+03 9.570358183197963386e-01
6.203235142557457948e+03 9.585036792714767273e-01
6.203255142090755726e+03 9.607346749579903644e-01
6.203275141624050775e+03 9.624548183478910390e-01
6.203295141157344005e+03 9.620934713383244574e-01
6.203315240688305494e+03 9.633511800349298104e-01
6.203335240221601453e+03 9.660201866949388316e-01
6.203355239754895592e+03 9.673335700653604707e-01
6.203375239288190642e+03 9.720261209265290692e-01
6.203395238821483872e+03 9.742663701384270958e-01
6.203415338352447179e+03 9.753992625386215254e-01
6.203435337885740410e+03 9.738601433566735910e-01
6.203455337419035459e+03 9.778946307085002454e-01
6.203475336952332327e+03 9.810920229551490790e-01
6.203495336485624648e+03 9.846011620034939016e-01
6.203515436016589774e+03 9.884001799602935012e-01
6.203535435549882095e+03 9.900048670974681553e-01
6.203555435083179873e+03 9.893298535788241921e-01
6.203575434616473103e+03 9.965700426359953568e-01
6.203595434149768153e+03 9.980531993293442206e-01
6.203615033692396537e+03 9.969768535285502553e-01
6.203635033225692496e+03 9.978298450909619532e-01
6.203655032758984817e+03 9.990574856746109456e-01
6.203675032292283504e+03 1.000337201342317073e+00
6.203695031825576734e+03 9.998108931798962429e-01
6.203715131356539132e+03 9.986468803066069766e-01
6.203735130889833272e+03 9.994223515473061870e-01
6.203755130423127412e+03 9.996600422511597861e-01
6.203775129956423370e+03 9.974419137881188613e-01
6.203795129489718420e+03 9.995233666819750562e-01
6.203815229020680817e+03 9.989971207617577287e-01
6.203835228553974048e+03 9.969788906897317782e-01
6.203855228087269097e+03 1.000541272257871928e+00
6.203875227620564146e+03 1.001198455766139750e+00
6.203895227153858286e+03 1.000000145184113842e+00
6.203915326684820684e+03 9.973322882374796583e-01
6.203935326218114824e+03 9.973212995962483784e-01
6.203955325751409873e+03 9.967646655471477102e-01
6.203975325284706742e+03 9.962859145166691466e-01
6.203995324817998153e+03 1.001360751187585496e+00
6.204015424348962370e+03 1.002909610082852954e+00
6.204035423882256509e+03 9.999101622706785264e-01
6.204055423415553378e+03 9.999253217992520870e-01
6.204075422948846608e+03 9.990158772889793370e-01
6.204095422482141657e+03 9.974044634172528623e-01
6.204115022024770951e+03 9.974887610908499402e-01
6.204135021558067820e+03 1.002458215060893165e+00
6.204155021091361959e+03 1.002570108563821671e+00
6.204175020624655190e+03 9.989564237394142898e-01
6.204195020157952058e+03 9.961557957594616708e-01
6.204215119688912637e+03 9.999193932464145451e-01
6.204235119222207686e+03 1.001977894785407663e+00
6.204255118755501826e+03 1.002424176664435951e+00
6.204275118288796875e+03 1.001763257397344065e+00
6.204295117822091015e+03 1.000526294785218040e+00
6.204315217353052503e+03 9.963203265904361228e-01
6.204335216886347553e+03 9.981191080410501959e-01
6.204355216419644421e+03 1.001720655697059703e+00
6.204375215952937651e+03 1.000141427707027519e+00
6.204395215486233610e+03 9.957704975096594024e-01
6.204415315017193279e+03 9.997223227846950833e-01
6.204435314550490148e+03 1.002886219382458366e+00
6.204455314083785197e+03 1.001589211474492425e+00
6.204475313617078427e+03 1.001957698412306863e+00
6.204495313150373477e+03 1.000128759457416638e+00
6.204515412681334965e+03 9.979392137357216974e-01
6.204535412214630924e+03 1.001420090482368241e+00
6.204555411747926883e+03 1.002060141187000042e+00
6.204575411281219203e+03 1.000624974116738120e+00
6.204595410814515162e+03 9.978543562428275893e-01
