6.210859750445345526e+03 1.000260534098599940e+00
6.210879849214185015e+03 1.000502376365582036e+00
6.210899847989147929e+03 9.990550874510676360e-01
6.210919346794738885e+03 9.997360580124664553e-01
6.210939345569704528e+03 1.000894332516724328e+00
6.210959344344666533e+03 1.000522774135379267e+00
6.210979443113507841e+03 1.000716771071434641e+00
6.210999441888470756e+03 1.000536449416544071e+00
6.211019440663436399e+03 9.998223601672214800e-01
6.211039439438401132e+03 9.977300891332449018e-01
6.211059438213364047e+03 9.984819363114455504e-01
6.211079536982202626e+03 9.988990175274427008e-01
6.211099535757167359e+03 9.986391163179488828e-01
6.211119534532133002e+03 9.997015341709829528e-01
6.211139533307097736e+03 9.994655215239773849e-01
6.211159532082060650e+03 9.987038178572130720e-01
6.211179630850899230e+03 9.984199137570755056e-01
6.211199629625864873e+03 9.973715533818894308e-01
6.211219628400829606e+03 9.963869700838938748e-01
6.211239627175794340e+03 9.956334086869121913e-01
6.211259625950757254e+03 9.958116875247325916e-01
6.211279724719596743e+03 9.930750464476335582e-01
6.211299723494559657e+03 9.915810310271685468e-01
6.211319722269525300e+03 9.920062768856657831e-01
6.211339721044489124e+03 9.905601580160225961e-01
6.211359719819452948e+03 9.879833882830709735e-01
6.211379818588293347e+03 9.860834538293961060e-01
6.211399817363256261e+03 9.862938237274073705e-01
6.211419316168846308e+03 9.858599535498084876e-01
6.211439314943812860e+03 9.855925980169377709e-01
6.211459313718776684e+03 9.855800348886045725e-01
6.211479412487616173e+03 9.854160609346857003e-01
6.211499411262579088e+03 9.833335627318801064e-01
6.211519410037542912e+03 9.832892222019108397e-01
6.211539408812508555e+03 9.845425033648537161e-01
6.211559407587473288e+03 9.848483982124951464e-01
6.211579506356311867e+03 9.863243107309141999e-01
6.211599505131274782e+03 9.870918260844026015e-01
6.211619503906241334e+03 9.861240322729073471e-01
6.211639502681204249e+03 9.853552871010112790e-01
6.211659501456169892e+03 9.863217512550948030e-01
6.211679600225007562e+03 9.875745497670220807e-01
6.211699598999973205e+03 9.884931401278324037e-01
6.211719597774936119e+03 9.906930412080801052e-01
6.211739596549901762e+03 9.919059551330019486e-01
6.211759595324863767e+03 9.924662168949944796e-01
6.211779694093705075e+03 9.932809619058109440e-01
6.211799692868668899e+03 9.948438421630790840e-01
6.211819691643634542e+03 9.959053016538419456e-01
6.211839690418595637e+03 9.966802336208843149e-01
6.211859689193562190e+03 9.989431117840217311e-01
6.211879787962400769e+03 9.998928199118318760e-01
6.211899786737364593e+03 1.000214037597788375e+00
6.211919285542953730e+03 1.000257482311985191e+00
6.211939284317920283e+03 1.003108760711422187e+00
6.211959283092882288e+03 1.003493506690319004e+00
6.211979381861720867e+03 1.002891567151514618e+00
6.211999380636685601e+03 1.002202296230786382e+00
6.212019379411650334e+03 1.001266449908483569e+00
6.212039378186613249e+03 1.001348911325428803e+00
6.212059376961578891e+03 1.002155261870779190e+00
6.212079475730420199e+03 1.001609131598264257e+00
6.212099474505384023e+03 1.000864317325812047e+00
6.212119473280347847e+03 1.000564980646667879e+00
6.212139472055312581e+03 1.000750852760413201e+00
6.212159470830275495e+03 1.000069758137809295e+00
