6.212027808654855107e+03 1.000198191914912771e+00
6.212047808164234993e+03 1.000256056744494249e+00
6.212067807673613970e+03 9.994507895016722099e-01
6.212087307195259200e+03 1.001043494928592903e+00
6.212107406702185472e+03 1.002263676155803473e+00
6.212127406211564448e+03 1.002471206400000536e+00
6.212147405720941606e+03 9.997903035171197272e-01
6.212167405230322402e+03 9.978941330088838546e-01
6.212187404739700469e+03 9.985225880511495733e-01
6.212207504246626740e+03 1.000220361098762778e+00
6.212227503756004808e+03 9.989875850031288973e-01
6.212247503265384694e+03 9.989884430121335201e-01
6.212267502774761851e+03 9.985187356895404154e-01
6.212287502284140828e+03 9.975714029144084893e-01
6.212307601791068009e+03 9.981424127510349908e-01
6.212327601300445167e+03 9.978938078156999181e-01
6.212347600809824144e+03 9.971890113139650902e-01
6.212367600319204939e+03 9.957999934760655147e-01
6.212387599828583006e+03 9.970982475739449402e-01
6.212407699335508369e+03 9.960654932278025786e-01
6.212427698844888255e+03 9.948834187027192355e-01
6.212447698354266322e+03 9.963026799571627068e-01
6.212467697863645299e+03 9.942655569707135044e-01
6.212487697373024275e+03 9.933616569652633510e-01
6.212507796879951457e+03 9.933554252965582920e-01
6.212527796389328614e+03 9.945607270421644719e-01
6.212547795898708500e+03 9.941485633868371030e-01
6.212567795408086567e+03 9.939216782423729857e-01
6.212587294929730888e+03 9.939881260644934935e-01
6.212607394436657160e+03 9.920441829131476652e-01
6.212627393946036136e+03 9.901006745621931948e-01
6.212647393455414203e+03 9.887200850991967327e-01
6.212667392964794089e+03 9.885576282769293899e-01
6.212687392474172157e+03 9.877755354565922463e-01
6.212707491981098428e+03 9.878408061854543343e-01
6.212727491490477405e+03 9.882766434606599093e-01
6.212747490999856382e+03 9.889616869593178539e-01
6.212767490509233539e+03 9.882651816512041387e-01
6.212787490018614335e+03 9.878393312414857075e-01
6.212807589525538788e+03 9.878476216516104413e-01
6.212827589034919583e+03 9.901915110377577101e-01
6.212847588544296741e+03 9.879714798672694087e-01
6.212867588053674808e+03 9.869548273157390250e-01
6.212887587563054694e+03 9.876183457371999763e-01
6.212907687069979147e+03 9.862812322550043032e-01
6.212927686579359033e+03 9.862044215954298698e-01
6.212947686088738010e+03 9.865404567733848662e-01
6.212967685598116987e+03 9.872252191654323772e-01
6.212987685107495963e+03 9.888422678193135029e-01
6.213007784614422235e+03 9.893273367554357156e-01
6.213027784123802121e+03 9.902751732050022460e-01
6.213047783633181098e+03 9.942828620575888676e-01
6.213067783142558255e+03 9.931454333634220921e-01
6.213087282664204395e+03 9.951401348775402722e-01
6.213107382171128847e+03 9.984992823562690578e-01
6.213127381680509643e+03 9.987563077922996246e-01
6.213147381189886801e+03 9.986575876007576236e-01
6.213167380699265777e+03 9.988790104018845373e-01
6.213187380208643845e+03 9.994703251877865569e-01
6.213207479715571935e+03 9.996914423460876442e-01
6.213227479224948183e+03 9.999768000626659825e-01
6.213247478734328979e+03 9.997713558028781256e-01
6.213267478243707956e+03 9.987337901380886063e-01
6.213287477753086932e+03 1.001856831870620024e+00
6.213307577260011385e+03 1.001046593345780167e+00
6.213327576769389452e+03 1.000165566933080674e+00
6.213347576278768429e+03 1.002264106334504579e+00
6.213367575788150134e+03 1.000522726920291205e+00
6.213387575297527292e+03 1.000089801138567047e+00
6.213407674804453563e+03 1.000417430902818872e+00
6.213427674313831631e+03 1.001577089257161823e+00
6.213447673823210607e+03 1.001968842204286947e+00
6.213467673332589584e+03 1.000647326856558994e+00
6.213487672841969470e+03 9.984515967137050918e-01
6.213507772348894832e+03 1.000840589522930202e+00
6.213527771858273809e+03 1.001296273147704641e+00
6.213547771367650967e+03 1.001289928488171332e+00
