6.214879604207046214e+03 9.989306657598987504e-01
6.214899602982010947e+03 9.997098969981590422e-01
6.214919101787600084e+03 1.000172787478709413e+00
6.214939100562564818e+03 1.000041097546250368e+00
6.214959099337528642e+03 9.992678617780936801e-01
6.214979198106368131e+03 9.982331871272182022e-01
6.214999196881333773e+03 9.979510650631296942e-01
6.215019195656297597e+03 9.975739161476430139e-01
6.215039194431260512e+03 9.954148441243475531e-01
6.215059193206225245e+03 9.970018157439176631e-01
6.215079291975064734e+03 9.984539878974196814e-01
6.215099290750029468e+03 9.992726647555804087e-01
6.215119289524992382e+03 9.994736203173406608e-01
6.215139288299958025e+03 1.000197215343744839e+00
6.215159287074921849e+03 9.998517505527417804e-01
6.215179385843759519e+03 9.986509903359580553e-01
6.215199384618726071e+03 9.978067125574003882e-01
6.215219383393689895e+03 9.990528866919453632e-01
6.215239382168654629e+03 1.000053548652867219e+00
6.215259380943617543e+03 1.000111937167766252e+00
6.215279479712456123e+03 9.995922236538228312e-01
6.215299478487420856e+03 9.988351082648603274e-01
6.215319477262385590e+03 9.991310414968661568e-01
6.215339476037348504e+03 1.000606633784241195e+00
6.215359474812314147e+03 9.984086341856850400e-01
6.215379573581154546e+03 9.968439766868419927e-01
6.215399572356120188e+03 9.959603296636027059e-01
6.215419071161709326e+03 9.954730666515901882e-01
6.215439069936674059e+03 9.941382477468729828e-01
6.215459068711636974e+03 9.930726377261124282e-01
6.215479167480476463e+03 9.920386334751470914e-01
6.215499166255439377e+03 9.908227088499538260e-01
6.215519165030404110e+03 9.902638444816245222e-01
6.215539163805367934e+03 9.887867922928458286e-01
6.215559162580332668e+03 9.876026732439051603e-01
6.215579261349172157e+03 9.891413586857675799e-01
6.215599260124136890e+03 9.911154144888032480e-01
6.215619258899101624e+03 9.907703066060264963e-01
6.215639257674067267e+03 9.890638692464742698e-01
6.215659256449028362e+03 9.888375379870668613e-01
6.215679355217869670e+03 9.873527143108804527e-01
6.215699353992834403e+03 9.872213998529582035e-01
6.215719352767798227e+03 9.882376400971449870e-01
6.215739351542762961e+03 9.886128068876599562e-01
6.215759350317725875e+03 9.884023368014098754e-01
6.215779449086565364e+03 9.892759413166219984e-01
6.215799447861529188e+03 9.910596617696990629e-01
6.215819446636493012e+03 9.899866037127558194e-01
6.215839445411457746e+03 9.919205853073735923e-01
6.215859444186422479e+03 9.947249145084082755e-01
6.215879542955261059e+03 9.976398031460929072e-01
6.215899541730224882e+03 9.984340837612006858e-01
6.215919040535815839e+03 9.990468631040800851e-01
6.215939039310780572e+03 9.990419372431327272e-01
6.215959038085745306e+03 9.980479915053371842e-01
6.215979136854586613e+03 9.962548719948144393e-01
6.215999135629548618e+03 9.960601208543231611e-01
6.216019134404513352e+03 9.957308795812734870e-01
6.216039133179476266e+03 9.938905549231757952e-01
6.216059131954441909e+03 9.944078859547064164e-01
6.216079230723279579e+03 9.978364044415688472e-01
6.216099229498243403e+03 1.000450049895143190e+00
6.216119228273208137e+03 9.992980243996676393e-01
6.216139227048173780e+03 1.000012967690845578e+00
6.216159225823137604e+03 1.000640865736692531e+00
6.216179324591976183e+03 1.000493419389584693e+00
6.216199323366941826e+03 9.999822145412803343e-01
6.216219322141903831e+03 1.000198753224836201e+00
6.216239320916868564e+03 9.999565112072623663e-01
6.216259319691833298e+03 9.993187946244292963e-01
6.216279418460672787e+03 9.988471011202345595e-01
6.216299417235636611e+03 9.987551806291317114e-01
6.216319416010601344e+03 9.985367168604214472e-01
6.216339414785565168e+03 9.987216232093529822e-01
6.216359413560528083e+03 1.000614838658797856e+00
6.216379512329369390e+03 9.987986873736515170e-01
6.216399511104334124e+03 9.980820031134969295e-01
6.216419009909923261e+03 9.993745958613494684e-01
