6.218647246269081734e+03 1.000471158515525039e+00
6.218667245778460710e+03 1.000327286240481950e+00
6.218687245287838778e+03 1.000296358862134971e+00
6.218707344794765049e+03 1.000949878753497391e+00
6.218727344304143116e+03 1.000170801606137250e+00
6.218747343813523003e+03 1.000153999537066074e+00
6.218767343322900160e+03 1.000518292355453642e+00
6.218787342832280046e+03 1.001305978756540815e+00
6.218807442339205409e+03 1.003074303272516232e+00
6.218827441848585295e+03 1.001420291265848306e+00
6.218847441357963362e+03 9.999216417325255124e-01
6.218867440867343248e+03 1.000546945304799484e+00
6.218887440376719496e+03 1.000339631884633596e+00
6.218907539883646677e+03 1.001458561138046210e+00
6.218927539393024745e+03 1.001406442444700895e+00
6.218947538902403721e+03 9.984195014752115238e-01
6.218967538411783607e+03 9.993622016665819618e-01
6.218987537921160765e+03 9.995147449337150602e-01
6.219007637428088856e+03 9.991591943849964519e-01
6.219027636937466923e+03 9.981196421721142409e-01
6.219047636446847719e+03 9.992314962190118610e-01
6.219067635956223057e+03 9.981497010509512435e-01
6.219087135477870106e+03 9.976049621499432085e-01
6.219107234984793649e+03 9.989492617372606187e-01
6.219127234494175354e+03 9.979733872989751120e-01
6.219147234003551603e+03 9.982669829704338138e-01
6.219167233512931489e+03 9.984547776385475082e-01
6.219187233022309556e+03 9.980431668600695527e-01
6.219207332529236737e+03 1.000134643661482192e+00
6.219227332038616623e+03 9.988839167512882922e-01
6.219247331547994690e+03 9.981479977627247813e-01
6.219267331057372758e+03 9.993439973108860785e-01
6.219287330566753553e+03 9.999194777389395217e-01
6.219307430073676187e+03 1.000882478195957104e+00
6.219327429583057892e+03 1.000788127012461892e+00
6.219347429092434140e+03 9.990441950204032029e-01
6.219367428601814936e+03 9.978008926209329665e-01
6.219387428111193003e+03 9.982917357167226946e-01
6.219407527618116546e+03 9.991559346186151824e-01
6.219427527127498252e+03 9.999427245007842524e-01
6.219447526636877228e+03 9.978467474351775390e-01
6.219467526146253476e+03 9.989083965647194141e-01
6.219487525655634272e+03 9.999065365987177545e-01
6.219507625162561453e+03 1.000093962600363318e+00
6.219527624671937701e+03 9.983858902628023335e-01
6.219547624181319406e+03 9.981930198938945287e-01
6.219567623690697474e+03 9.987118690286298506e-01
6.219587123212341794e+03 9.996966829231961338e-01
6.219607222719265337e+03 9.983339513536101384e-01
6.219627222228647042e+03 9.985920432414552295e-01
6.219647221738023291e+03 9.985119309546898192e-01
6.219667221247404086e+03 9.978893406612653338e-01
6.219687220756783972e+03 9.971399880782976233e-01
6.219707320263708425e+03 9.964327720619711171e-01
6.219727319773086492e+03 9.958666877413170360e-01
6.219747319282464559e+03 9.955542371053832662e-01
6.219767318791845355e+03 9.964885833600434228e-01
6.219787318301224332e+03 9.951970662116058630e-01
6.219807417808150603e+03 9.958001281671214899e-01
6.219827417317526852e+03 9.978964731916004638e-01
6.219847416826907647e+03 9.972529923315156530e-01
6.219867416336286624e+03 9.974194571402658083e-01
6.219887415845665601e+03 9.972619631788147698e-01
6.219907515352590963e+03 9.967169801037595311e-01
6.219927514861970849e+03 9.953272139643132288e-01
6.219947514371348916e+03 9.965922032608466319e-01
6.219967513880727893e+03 9.960474969981325533e-01
6.219987513390107779e+03 9.949043490520310673e-01
6.220007612897032232e+03 9.979292004672838390e-01
6.220027612406411208e+03 9.971310503006391990e-01
6.220047611915789275e+03 9.955937421730570724e-01
6.220067611425169162e+03 9.942607081032980298e-01
6.220087110946813482e+03 9.956741788429382956e-01
6.220107210453740663e+03 9.961994508694816952e-01
6.220127209963117821e+03 9.963658768565124557e-01
6.220147209472495888e+03 9.967575337015883719e-01
6.220167208981876684e+03 9.988806528133150620e-01
6.220187208491255660e+03 9.976815255329687382e-01
6.220207307998181022e+03 9.981573565830865746e-01
6.220227307507558180e+03 9.985488872407971561e-01
6.220247307016938066e+03 9.962168693261849173e-01
6.220267306526317952e+03 9.954613723600395092e-01
6.220287306035697839e+03 9.961696256245191616e-01
6.220307405542623201e+03 9.968143064862263758e-01
6.220327405052000358e+03 9.956296500392709525e-01
6.220347404561381154e+03 9.963448533272882823e-01
6.220367404070759221e+03 9.958216810959777954e-01
6.220387403580138198e+03 9.955659034770809601e-01
6.220407503087063560e+03 9.968225649258072307e-01
6.220427502596442537e+03 9.948853759706528521e-01
6.220447502105821513e+03 9.943412346141879965e-01
6.220467501615198671e+03 9.937619617302818620e-01
6.220487501124579467e+03 9.924863351863003613e-01
6.220507600631504829e+03 9.929339609284305590e-01
6.220527600140883806e+03 9.953441673077000340e-01
6.220547599650263692e+03 9.968398339017054965e-01
6.220567599159641759e+03 9.960355132190142902e-01
6.220587098681285170e+03 9.941983440659931670e-01
6.220607198188212351e+03 9.936190433086388163e-01
6.220627197697591328e+03 9.936658637258958260e-01
6.220647197206969395e+03 9.943244819555522307e-01
6.220667196716349281e+03 9.961151914870991497e-01
6.220687196225726439e+03 9.953743664742898956e-01
6.220707295732654529e+03 9.935857314370636351e-01
6.220727295242031687e+03 9.912771162382962853e-01
6.220747294751410664e+03 9.916825901816014310e-01
6.220767294260787821e+03 9.930934095816855711e-01
6.220787293770168617e+03 9.940471508148829294e-01
6.220807393277093070e+03 9.942905953262514140e-01
6.220827392786471137e+03 9.932407259533031496e-01
6.220847392295851932e+03 9.934984299344128411e-01
6.220867391805229090e+03 9.936436463483782067e-01
6.220887391314610795e+03 9.936271849121849353e-01
6.220907490821534338e+03 9.934137325666912988e-01
6.220927490330914225e+03 9.940649864411135184e-01
6.220947489840292292e+03 9.941047373354993111e-01
6.220967489349673087e+03 9.938282281024722886e-01
6.220987488859051155e+03 9.937063488745938589e-01
6.221007588365976517e+03 9.963601180136586466e-01
6.221027587875356403e+03 9.957603070871723361e-01
6.221047587384735380e+03 9.941908325297756921e-01
6.221067586894111628e+03 9.946029815792107875e-01
6.221087086415756858e+03 9.947982223504463484e-01
6.221107185922684039e+03 9.957300607015738825e-01
6.221127185432062106e+03 9.969500754661410058e-01
6.221147184941440173e+03 9.982262027724240205e-01
6.221167184450819150e+03 9.982447068039091986e-01
6.221187183960198126e+03 9.983826351210114414e-01
6.221207283467128036e+03 9.984571418999004244e-01
6.221227282976503375e+03 9.984264643811815443e-01
6.221247282485881442e+03 9.985292497693596392e-01
6.221267281995260419e+03 9.992571604003442909e-01
6.221287281504641214e+03 9.996338313873829318e-01
6.221307381011566576e+03 9.993009187811050520e-01
6.221327380520945553e+03 1.000478201104596065e+00
6.221347380030324530e+03 1.000398295388416958e+00
6.221367379539703506e+03 1.000206033762850444e+00
6.221387379049082483e+03 1.000084010609336493e+00
6.221407478556007845e+03 9.993438629442932264e-01
6.221427478065385912e+03 1.000478791421080205e+00
6.221447477574764889e+03 1.001087016344592406e+00
6.221467477084146594e+03 1.000957958048465102e+00
6.221487476593522842e+03 1.000372541807484250e+00
6.221507576100449114e+03 1.000980513741761335e+00
6.221527575609827181e+03 1.000500449136487946e+00
6.221547575119208886e+03 9.993183961091430811e-01
6.221567574628585135e+03 9.988243909638807594e-01
6.221587074150230364e+03 9.981909705016491774e-01
6.221607173657155727e+03 9.982864915834971375e-01
6.221627173166532884e+03 9.988314224635586047e-01
6.221647172675914589e+03 9.996430318110133273e-01
6.221667172185292657e+03 9.989104738149803264e-01
6.221687171694670724e+03 9.981218241245566336e-01
6.221707271201596086e+03 9.979085330971578793e-01
6.221727270710977791e+03 9.994148247202497837e-01
6.221747270220355858e+03 9.991315136816723008e-01
6.221767269729733925e+03 9.995710103109337608e-01
6.221787269239112902e+03 9.998560983671976876e-01
6.221807368746038264e+03 9.994603460327027289e-01
6.221827368255418151e+03 9.993945899358842588e-01
6.221847367764796218e+03 1.000346199720555385e+00
6.221867367274175194e+03 1.000511944192058689e+00
6.221887366783553261e+03 9.992604946144907352e-01
6.221907466290480443e+03 9.998049158211068654e-01
6.221927465799858510e+03 9.997742364595535447e-01
6.221947465309238396e+03 9.996734100872166628e-01
6.221967464818617373e+03 9.995305034061192639e-01
6.221987464327994530e+03 9.984055878569410014e-01
6.222007563834922621e+03 1.000899876994252757e+00
6.222027563344299779e+03 1.000588607455155099e+00
6.222047562853678755e+03 9.982434079784687775e-01
6.222067562363056823e+03 9.985704790822318433e-01
6.222087061884703871e+03 9.987511916137663537e-01
6.222107161391627415e+03 9.990289415340840584e-01
6.222127160901006391e+03 9.993699721869384600e-01
6.222147160410385368e+03 9.997951251835904829e-01
6.222167159919765254e+03 1.000136101747584494e+00
6.222187159429142412e+03 9.999722040801156675e-01
6.222207258936068683e+03 9.999553726333686443e-01
6.222227258445447660e+03 1.000934329840611703e+00
6.222247257954828456e+03 1.001569674782931019e+00
6.222267257464204704e+03 1.001658135108940195e+00
6.222287256973584590e+03 1.001269877290802413e+00
6.222307356480509952e+03 1.000292603558144755e+00
6.222327355989889838e+03 1.001068076533585760e+00
6.222347355499267906e+03 1.000813069403620803e+00
6.222367355008648701e+03 1.000712288722991339e+00
6.222387354518027678e+03 1.000997018848898579e+00
6.222407454024950312e+03 1.000012932000746035e+00
6.222427453534331107e+03 1.000087408979590364e+00
