6.222607149126100921e+03 1.000312311165540979e+00
6.222627148635479898e+03 9.993918760381164113e-01
6.222647148144857965e+03 9.989414626406979414e-01
6.222667147654237851e+03 9.997605006784243686e-01
6.222687147163615919e+03 9.996747869293489686e-01
6.222707246670540371e+03 9.996589196322821502e-01
6.222727246179918438e+03 1.000267414291418078e+00
6.222747245689300144e+03 9.990808605814114340e-01
6.222767245198678211e+03 1.000004824521576241e+00
6.222787244708057187e+03 1.000297707903780919e+00
6.222807344214983459e+03 9.992372583407412856e-01
6.222827343724360617e+03 9.987590510933201937e-01
6.222847343233739593e+03 1.000201533031914281e+00
6.222867342743118570e+03 1.000515366567347630e+00
6.222887342252496637e+03 9.997988701191685701e-01
6.222907441759421999e+03 1.000694100247715879e+00
6.222927441268804614e+03 1.000012717004731266e+00
6.222947440778183591e+03 9.998850122901896675e-01
6.222967440287559839e+03 9.999605310686108250e-01
6.222987439796939725e+03 9.993633903837051413e-01
6.223007539303865087e+03 9.981074317243494587e-01
6.223027538813244064e+03 9.978887900778465880e-01
6.223047538322623950e+03 9.979223744986716049e-01
6.223067537832001108e+03 9.974796041282912862e-01
6.223087037353646338e+03 9.980610177258757432e-01
6.223107136860569881e+03 9.981503350644732597e-01
6.223127136369951586e+03 9.978757237894323451e-01
6.223147135879331472e+03 9.971389095306565364e-01
6.223167135388709539e+03 9.954077322042095277e-01
6.223187134898087606e+03 9.943910355072621554e-01
6.223207234405013878e+03 9.939973792890941517e-01
6.223227233914391945e+03 9.940381756526615042e-01
6.223247233423771831e+03 9.929377163008790141e-01
6.223267232933151718e+03 9.915993452900446758e-01
6.223287232442529785e+03 9.907511802646787880e-01
6.223307331949456056e+03 9.899938326531854127e-01
6.223327331458834124e+03 9.876338741571488722e-01
6.223347330968214010e+03 9.883469793103872858e-01
6.223367330477592077e+03 9.887800378484276065e-01
6.223387329986972873e+03 9.891850520305867089e-01
6.223407429493895506e+03 9.899746425716554610e-01
6.223427429003275392e+03 9.881751996416008321e-01
6.223447428512654369e+03 9.886221647550493818e-01
6.223467428022033346e+03 9.894679139094874065e-01
6.223487427531412322e+03 9.898727737314895192e-01
6.223507527038337685e+03 9.904731989154962335e-01
6.223527526547715752e+03 9.915705488200881046e-01
6.223547526057094728e+03 9.925628404282358375e-01
6.223567525566474615e+03 9.931632930582640073e-01
6.223587025088119844e+03 9.916317220660220144e-01
6.223607124595044297e+03 9.952743944208712890e-01
6.223627124104424183e+03 9.966509115896561299e-01
6.223647123613801341e+03 9.962229498667339866e-01
6.223667123123182137e+03 9.964943467245649389e-01
6.223687122632559294e+03 9.972971570293264199e-01
6.223707222139486475e+03 9.984142412822368806e-01
6.223727221648864543e+03 9.995594516499567428e-01
6.223747221158244429e+03 1.000424871526946591e+00
6.223767220667623405e+03 1.000220557316104708e+00
6.223787220177001473e+03 9.993451620203582797e-01
6.223807319683925925e+03 9.990078318007490354e-01
6.223827319193306721e+03 9.999779337406857760e-01
6.223847318702686607e+03 1.000332851259195799e+00
6.223867318212062855e+03 1.000575903277065137e+00
6.223887317721443651e+03 1.001084497049648858e+00
6.223907417228367194e+03 1.001648651140291335e+00
6.223927416737747990e+03 1.000214500032939213e+00
6.223947416247126057e+03 9.989342381775695445e-01
6.223967415756504124e+03 9.993589660237763850e-01
6.223987415265884920e+03 1.000531217759269120e+00
6.224007514772807554e+03 1.000221961744841348e+00
6.224027514282188349e+03 9.999689157436166820e-01
6.224047513791567326e+03 1.000351575256389403e+00
6.224067513300946302e+03 1.000671325738984985e+00
6.224087012822590623e+03 1.000259087525894319e+00
6.224107112329517804e+03 1.000438835425234929e+00
6.224127111838895871e+03 1.000542027779167897e+00
6.224147111348275757e+03 1.000477605749467092e+00
