6.225367281415480647e+03 1.000768483843909484e+00
6.225387280924857805e+03 9.998761759300904828e-01
6.225407380431784077e+03 1.001732384592534109e+00
6.225427379941163963e+03 1.001970198177278393e+00
6.225447379450542030e+03 1.001084896447478334e+00
6.225467378959922826e+03 9.992230367618794018e-01
6.225487378469299983e+03 1.000339803879197298e+00
6.225507477976227165e+03 9.999427652824440793e-01
6.225527477485603413e+03 9.998527550777083217e-01
6.225547476994985118e+03 1.000237055801275199e+00
6.225567476504363185e+03 1.001025888988951618e+00
6.225586976026007505e+03 1.000322584911104817e+00
6.225607075532934687e+03 1.000518435519030858e+00
6.225627075042311844e+03 1.000846895951200244e+00
6.225647074551689911e+03 1.000233798997292922e+00
6.225667074061071617e+03 9.994114992017170129e-01
6.225687073570447865e+03 9.989728093934625575e-01
6.225707173077374136e+03 9.977180810475316797e-01
6.225727172586754932e+03 9.952500573888610758e-01
6.225747172096132999e+03 9.945395048632706958e-01
6.225767171605511976e+03 9.937522721612167542e-01
6.225787171114891862e+03 9.932719016075665097e-01
6.225807270621817224e+03 9.923870004420621838e-01
6.225827270131194382e+03 9.885735216499392797e-01
6.225847269640573359e+03 9.870961483368307920e-01
6.225867269149953245e+03 9.859256402340342840e-01
6.225887268659332221e+03 9.846645344934745747e-01
6.225907368166255765e+03 9.829710814543035635e-01
6.225927367675637470e+03 9.817100869929001883e-01
6.225947367185013718e+03 9.804421714423564582e-01
6.225967366694393604e+03 9.802340726356169043e-01
6.225987366203771671e+03 9.811275581922880296e-01
6.226007465710698852e+03 9.817280902970314527e-01
6.226027465220076920e+03 9.805718251530864960e-01
6.226047464729455896e+03 9.815070793467381982e-01
6.226067464238833963e+03 9.833625250239318438e-01
6.226086963760478284e+03 9.842702980746098618e-01
6.226107063267406375e+03 9.867250333250938699e-01
6.226127062776785351e+03 9.870954360680365136e-01
6.226147062286161599e+03 9.874379404563584650e-01
6.226167061795543304e+03 9.885472114905509144e-01
6.226187061304922281e+03 9.884993198636773393e-01
6.226207160811845824e+03 9.921735494315436776e-01
6.226227160321225711e+03 9.925159237887882790e-01
6.226247159830605597e+03 9.905650998974525612e-01
6.226267159339982754e+03 9.912420543901602210e-01
6.226287158849361731e+03 9.911383546498238051e-01
6.226307258356288912e+03 9.916478962340391501e-01
6.226327257865666979e+03 9.929241736991174516e-01
6.226347257375045047e+03 9.952597575162976939e-01
6.226367256884425842e+03 9.955741445149958180e-01
6.226387256393803909e+03 9.976586900459029073e-01
6.226407355900728362e+03 9.986349734808485090e-01
6.226427355410109158e+03 9.983360107027559049e-01
6.226447354919486315e+03 9.990126857005090510e-01
6.226467354428866201e+03 9.987625079281153839e-01
6.226487353938244269e+03 9.985332458249953635e-01
6.226507453445171450e+03 9.983457021197480463e-01
6.226527452954547698e+03 9.981791717128339902e-01
6.226547452463930313e+03 9.991554080886235756e-01
6.226567451973307470e+03 9.993302957555539878e-01
6.226586951494951791e+03 9.990945835605280489e-01
6.226607051001878062e+03 9.985516989486714623e-01
6.226627050511257039e+03 9.979253276394921546e-01
6.226647050020636016e+03 9.991662306093597179e-01
6.226667049530015902e+03 9.999333135419709029e-01
6.226687049039393060e+03 1.000205703997242512e+00
6.226707148546318422e+03 1.000185371622027031e+00
6.226727148055696489e+03 9.993151939633557745e-01
