6.233158184542796334e+03 1.000481651199569333e+00
6.233178283311634914e+03 1.000955411582966192e+00
6.233198282086599647e+03 1.000566052430281294e+00
6.233218280861565290e+03 9.991577303636426377e-01
6.233238279636528205e+03 9.996320282717777728e-01
6.233258278411492029e+03 9.996162535041431818e-01
6.233278377180331518e+03 9.987678577149277093e-01
6.233298375955297161e+03 9.996308246240571682e-01
6.233318374730261894e+03 1.002056328519115080e+00
6.233338373505224808e+03 9.997547720625064027e-01
6.233358372280188632e+03 9.993814355781008851e-01
6.233378471049029031e+03 9.986034819838711662e-01
6.233398469823993764e+03 9.974532187390986460e-01
6.233417968629581082e+03 9.964302514431315760e-01
6.233437967404545816e+03 9.957932730971172930e-01
6.233457966179511459e+03 9.953118109910703559e-01
6.233478064948351857e+03 9.932452440253286552e-01
6.233498063723313862e+03 9.916845344348629299e-01
6.233518062498280415e+03 9.920735042096079370e-01
6.233538061273244239e+03 9.924934516788385119e-01
6.233558060048208972e+03 9.893959461113648324e-01
6.233578158817047552e+03 9.879444931253777984e-01
6.233598157592011376e+03 9.872313714800591278e-01
6.233618156366976109e+03 9.857189141801191434e-01
6.233638155141939933e+03 9.824605147690790297e-01
6.233658153916903757e+03 9.801185487087403780e-01
6.233678252685741427e+03 9.782576509891109939e-01
6.233698251460707979e+03 9.772433877652122458e-01
6.233718250235670894e+03 9.770128864925086143e-01
6.233738249010634718e+03 9.752698246009345873e-01
6.233758247785600361e+03 9.757996911424211550e-01
6.233778346554439850e+03 9.750260232080911749e-01
6.233798345329403674e+03 9.745399696569874148e-01
6.233818344104367497e+03 9.753798885084835613e-01
6.233838342879332231e+03 9.751730028837057862e-01
6.233858341654295145e+03 9.744855441832733778e-01
6.233878440423135544e+03 9.740999978358861888e-01
6.233898439198103006e+03 9.739088214857321013e-01
6.233917938003691233e+03 9.736118424861639475e-01
6.233937936778655057e+03 9.725529227308649105e-01
6.233957935553617062e+03 9.732917046795048766e-01
6.233978034322458370e+03 9.762608967074697386e-01
6.233998033097422194e+03 9.791060364320937071e-01
6.234018031872385109e+03 9.811760395955179126e-01
6.234038030647350752e+03 9.848409292059693287e-01
6.234058029422315485e+03 9.878081076351502565e-01
6.234078128191154974e+03 9.897288447790479893e-01
6.234098126966117889e+03 9.916187345497109451e-01
6.234118125741084441e+03 9.936165882217633527e-01
6.234138124516047355e+03 9.939111782305837250e-01
6.234158123291011179e+03 9.948945024853128594e-01
6.234178222059852487e+03 9.970920105535762135e-01
6.234198220834815402e+03 9.991812556313508509e-01
6.234218219609778316e+03 9.998464814993417438e-01
6.234238218384744869e+03 9.997766499333544665e-01
6.234258217159707783e+03 9.999002115846343797e-01
6.234278315928549091e+03 1.000672881688858373e+00
6.234298314703512006e+03 1.001376326529190175e+00
6.234318313478475829e+03 1.001375955292916453e+00
6.234338312253439653e+03 9.997828475412237070e-01
6.234358311028404387e+03 1.001174211858783414e+00
6.234378409797243876e+03 1.000972340525871251e+00
6.234398408572209519e+03 1.000616472144340019e+00
6.234417907377796837e+03 1.001067146130114160e+00
6.234437906152760661e+03 1.000672707234733227e+00
6.234457904927726304e+03 9.989261780513704059e-01
6.234478003696565793e+03 1.000200307326832405e+00
