6.235867023839396097e+03 9.997575340924677034e-01
6.235887023348775983e+03 1.001529566597871179e+00
6.235907122855700436e+03 1.000590535336916664e+00
6.235927122365079413e+03 9.997761185030905606e-01
6.235947121874457480e+03 1.000113431933214780e+00
6.235967121383836457e+03 1.000795470266766740e+00
6.235987120893217252e+03 9.994640893445844165e-01
6.236007220400141705e+03 1.000538715660541644e+00
6.236027219909521591e+03 1.000565654499644852e+00
6.236047219418901477e+03 9.994965223719790570e-01
6.236067218928276816e+03 9.999715776425903702e-01
6.236086718449922046e+03 1.000992818471696744e+00
6.236106817956850136e+03 9.997994741011447806e-01
6.236126817466228204e+03 9.990683812074536707e-01
6.236146816975607180e+03 9.990471758686467751e-01
6.236166816484986157e+03 9.992947089675476846e-01
6.236186815994364224e+03 9.993355032072885891e-01
6.236206915501289586e+03 9.996377528992410610e-01
6.236226915010667653e+03 9.992513879042129732e-01
6.236246914520048449e+03 9.989132981178274751e-01
6.236266914029425607e+03 9.994018452831289201e-01
6.236286913538806402e+03 9.971903201408220951e-01
6.236307013045732674e+03 9.968658736602590276e-01
6.236327012555108922e+03 9.964109696686132001e-01
6.236347012064489718e+03 9.958459480325456692e-01
6.236367011573868695e+03 9.952741194699900040e-01
6.236387011083246762e+03 9.948125367481243098e-01
6.236407110590172124e+03 9.943782129113692969e-01
6.236427110099553829e+03 9.939580640339737982e-01
6.236447109608930077e+03 9.931111698468677584e-01
6.236467109118309963e+03 9.918445026870386094e-01
6.236487108627689850e+03 9.910460545536934340e-01
6.236507208134614302e+03 9.916720517533782475e-01
6.236527207643993279e+03 9.924497109452241617e-01
6.236547207153373165e+03 9.920505183106227420e-01
6.236567206662750323e+03 9.910114421808267071e-01
6.236586706184396462e+03 9.915086024896234695e-01
6.236606805691320005e+03 9.903248810219466014e-01
6.236626805200701710e+03 9.915839423637331507e-01
6.236646804710079778e+03 9.919760542552199523e-01
6.236666804219456935e+03 9.917696660698753774e-01
6.236686803728836821e+03 9.919897562163629834e-01
6.236706903235763093e+03 9.931861104549278840e-01
6.236726902745140251e+03 9.925876790158374430e-01
6.236746902254520137e+03 9.925257198946281223e-01
6.236766901763899114e+03 9.926356773970506087e-01
6.236786901273277181e+03 9.926699859976485518e-01
6.236807000780204362e+03 9.947871764802953543e-01
6.236827000289582429e+03 9.936801034509783470e-01
6.236846999798962315e+03 9.925250635958307033e-01
6.236866999308342201e+03 9.923050371449935181e-01
6.236886998817720269e+03 9.932741470034834874e-01
6.236907098324645631e+03 9.943046350896883601e-01
6.236927097834022788e+03 9.942907070476226794e-01
6.236947097343402675e+03 9.967232169735354974e-01
6.236967096852781651e+03 9.971145446581857197e-01
6.236987096362158809e+03 9.959254752600947835e-01
6.237007195869087809e+03 9.969279413108150800e-01
6.237027195378464057e+03 9.973603952988070454e-01
6.237047194887844853e+03 9.974355691849506877e-01
6.237067194397223830e+03 9.974626490382736410e-01
6.237086693918867240e+03 9.974296345604478642e-01
6.237106793425791693e+03 9.973464752437881664e-01
6.237126792935173398e+03 9.979985208045147882e-01
6.237146792444551465e+03 9.971328123612008820e-01
6.237166791953929533e+03 9.983341259533164980e-01
6.237186791463309419e+03 9.998167922577311240e-01
6.237206890970235690e+03 1.000097386882346395e+00
6.237226890479613758e+03 9.987717961724438265e-01
6.237246889988992734e+03 9.995745020475891307e-01
6.237266889498370801e+03 1.000095656673145150e+00
6.237286889007749778e+03 1.000493188879635342e+00
6.237306988514675140e+03 1.000409878556756116e+00
6.237326988024054117e+03 9.985494153496676795e-01
6.237346987533434003e+03 9.976842728442540942e-01
6.237366987042812980e+03 9.996532677500526987e-01
6.237386986552190137e+03 1.001409282531650513e+00
6.237407086059115500e+03 1.001566077238834618e+00
6.237427085568494476e+03 9.990338414977057990e-01
6.237447085077877091e+03 1.000096662710218354e+00
6.237467084587253339e+03 1.000226424693309912e+00
