6.249986777458436336e+03 9.993715464236709867e-01
6.250006876965362608e+03 9.990974261176823745e-01
6.250026876474741584e+03 9.995090760710628741e-01
6.250046875984119652e+03 9.993156274544587880e-01
6.250066875493499538e+03 9.982750371952093804e-01
6.250086375015142039e+03 9.974159361259888890e-01
6.250106474522068311e+03 9.983049522968296952e-01
6.250126474031449106e+03 9.978425657344522914e-01
6.250146473540825355e+03 9.970238384758217665e-01
6.250166473050205241e+03 9.985986365351178229e-01
6.250186472559585127e+03 9.986270566953170391e-01
6.250206572066510489e+03 9.976133554902006928e-01
6.250226571575888556e+03 9.973728372650033647e-01
6.250246571085270261e+03 9.986450909326507475e-01
6.250266570594646510e+03 9.969388626888693317e-01
6.250286570104026396e+03 9.968529817538632765e-01
6.250306669610951758e+03 9.960745912874138241e-01
6.250326669120330735e+03 9.964795224314344502e-01
6.250346668629707892e+03 9.958624850249097049e-01
6.250366668139089597e+03 9.950370173566056575e-01
6.250386667648467665e+03 9.944199758391171207e-01
6.250406767155393027e+03 9.926397717062295234e-01
6.250426766664772003e+03 9.912226249543676371e-01
6.250446766174152799e+03 9.904509333956232897e-01
6.250466765683529047e+03 9.903448706312498739e-01
6.250486765192908024e+03 9.885646417450405510e-01
6.250506864699833386e+03 9.873155767976420361e-01
6.250526864209215091e+03 9.870481428526828305e-01
6.250546863718592249e+03 9.867874316687552660e-01
6.250566863227971226e+03 9.871856323352724560e-01
6.250586362749615546e+03 9.861382206296105402e-01
6.250606462256541818e+03 9.862002480820324379e-01
6.250626461765918066e+03 9.867732639944547524e-01
6.250646461275298861e+03 9.868285614116611981e-01
6.250666460784677838e+03 9.869107535871517456e-01
6.250686460294056815e+03 9.872484450842430315e-01
6.250706559800983996e+03 9.871491065802531217e-01
6.250726559310361154e+03 9.879709044607908330e-01
6.250746558819740130e+03 9.866680185250684687e-01
6.250766558329120926e+03 9.879470298419996688e-01
6.250786557838498993e+03 9.871685893596390260e-01
6.250806657345424355e+03 9.863027456433091089e-01
6.250826656854804241e+03 9.867883618665829193e-01
6.250846656364182309e+03 9.882085797469284394e-01
6.250866655873560376e+03 9.877394274798230178e-01
6.250886655382939352e+03 9.878754124273909643e-01
6.250906754889864715e+03 9.916825854986658362e-01
6.250926754399245510e+03 9.924035460328449743e-01
6.250946753908624487e+03 9.927143573422094747e-01
6.250966753418003464e+03 9.934891120700304334e-01
6.250986752927379712e+03 9.947345361578683320e-01
6.251006852434305983e+03 9.960472099004897828e-01
6.251026851943684051e+03 9.967076680577992009e-01
6.251046851453065756e+03 9.970050405840820140e-01
6.251066850962442913e+03 9.988757961882149816e-01
6.251086350484089053e+03 9.975392354279593032e-01
6.251106449991014415e+03 9.982736701012078218e-01
6.251126449500391573e+03 9.993577414632305311e-01
6.251146449009772368e+03 9.981355196762229376e-01
6.251166448519151345e+03 9.982580754716324778e-01
6.251186448028531231e+03 1.002892379883024265e+00
6.251206547535455684e+03 1.000896913886073936e+00
6.251226547044833751e+03 1.000152086495095016e+00
6.251246546554212728e+03 1.001330305887557337e+00
6.251266546063590795e+03 1.002649731991087201e+00
6.251286545572969771e+03 1.002442821302521159e+00
6.251306645079896953e+03 1.000474235216932906e+00
6.251326644589273201e+03 9.997697453674809775e-01
6.251346644098656725e+03 1.000450397196013252e+00
