6.258686264045612916e+03 1.000624486633159060e+00
6.258706363552535549e+03 1.000162292699088518e+00
6.258726363061919074e+03 9.994320198537900435e-01
6.258746362571294412e+03 9.996675472666438633e-01
6.258766362080672479e+03 9.997421060304257923e-01
6.258786361590054184e+03 9.962623883095054200e-01
6.258806461096979547e+03 9.988717410149223763e-01
6.258826460606355795e+03 9.995297178920085068e-01
6.258846460115736591e+03 9.979882435333575774e-01
6.258866459625116477e+03 1.001073522972964591e+00
6.258886459134494544e+03 1.000846293956222155e+00
6.258906558641418997e+03 9.979637942441053067e-01
6.258926558150799792e+03 1.002087989782503907e+00
6.258946557660177859e+03 1.002631758187414013e+00
6.258966557169555927e+03 1.000949698506321317e+00
6.258986556678934903e+03 1.000394017035421301e+00
6.259006656185862994e+03 9.984505312540020716e-01
6.259026655695238333e+03 9.983642159657171167e-01
6.259046655204620038e+03 9.998397791309947547e-01
6.259066654713997195e+03 1.000765591993296066e+00
6.259086154235641516e+03 1.001430751766420046e+00
6.259106253742568697e+03 9.983279892131401434e-01
6.259126253251947674e+03 9.980272148825434231e-01
6.259146252761324831e+03 9.969624070017940598e-01
6.259166252270704717e+03 9.953615087199561007e-01
6.259186251780083694e+03 9.991824591180791248e-01
6.259206351287010875e+03 9.982783928148273311e-01
6.259226350796387123e+03 9.960945925271661450e-01
6.259246350305767919e+03 9.961759157939217291e-01
6.259266349815144167e+03 9.943072702334631030e-01
6.259286349324524963e+03 9.928474890747875925e-01
6.259306448831451235e+03 9.974783656275126864e-01
6.259326448340828392e+03 9.967958055933032746e-01
6.259346447850208278e+03 9.945119836942748481e-01
6.259366447359588165e+03 9.930322885170965730e-01
6.259386446868966232e+03 9.938506496666210666e-01
6.259406546375891594e+03 9.963771340198216420e-01
6.259426545885271480e+03 9.957416168586595839e-01
6.259446545394649547e+03 9.944228504941446944e-01
6.259466544904027614e+03 9.922333380323914431e-01
6.259486544413407501e+03 9.899033006552189207e-01
6.259506643920335591e+03 9.928247003157466555e-01
6.259526643429710930e+03 9.941385380621637902e-01
6.259546642939089907e+03 9.939318815971670551e-01
6.259566642448468883e+03 9.964980517492489920e-01
6.259586141970115023e+03 9.954281816937425864e-01
6.259606241477041294e+03 9.951878551475831225e-01
6.259626240986418452e+03 9.966018571471435550e-01
6.259646240495796519e+03 9.969509845791660885e-01
6.259666240005176405e+03 9.949161264547795591e-01
6.259686239514556291e+03 9.943144111160728826e-01
6.259706339021481654e+03 9.951321431457026412e-01
6.259726338530860630e+03 9.960839017960679831e-01
6.259746338040241426e+03 9.964195987806531152e-01
6.259766337549619493e+03 9.976658524270486383e-01
6.259786337058996651e+03 9.979077432199783271e-01
6.259806436565924741e+03 9.958262935289804441e-01
6.259826436075300990e+03 9.957067113399837854e-01
6.259846435584679966e+03 9.974950847681451904e-01
6.259866435094060762e+03 9.975762862936343733e-01
6.259886434603438829e+03 9.979185532187102581e-01
6.259906534110364191e+03 9.967946717449718275e-01
6.259926533619742258e+03 9.935759061812280413e-01
6.259946533129123054e+03 9.975862858296498104e-01
6.259966532638502031e+03 9.984505811307367029e-01
6.259986532147879188e+03 9.956001937474795449e-01
6.260006631654806370e+03 9.992686186031877194e-01
6.260026631164182618e+03 1.000768569999139546e+00
6.260046630673563413e+03 9.948733620048926252e-01
6.260066630182943300e+03 9.978523234013860765e-01
6.260086129704586710e+03 9.985164994493788138e-01
6.260106229211512073e+03 9.990190530435028027e-01
6.260126228720891959e+03 1.001268216859359406e+00
6.260146228230270935e+03 9.993351872444266037e-01
6.260166227739649912e+03 9.974959589088933098e-01
6.260186227249027070e+03 9.972894153055887889e-01
6.260206326755955160e+03 9.992036484610729019e-01
6.260226326265333228e+03 9.996794837683204982e-01
6.260246325774712204e+03 9.998609202418291542e-01
6.260266325284090271e+03 9.993198291297519242e-01
6.260286324793468339e+03 9.985914607364340112e-01
6.260306424300395520e+03 9.968194113844590643e-01
6.260326423809772677e+03 1.000633211498606068e+00
6.260346423319152564e+03 1.001215933473173170e+00
6.260366422828532450e+03 9.976247632687622602e-01
6.260386422337910517e+03 9.989031655119624542e-01
6.260406521844835879e+03 9.996061161199221168e-01
