6.268076045630473345e+03 9.986412242274426143e-01
6.268096044405436260e+03 9.981605661960035736e-01
6.268116043180400993e+03 9.993776036613895020e-01
6.268136041955366636e+03 9.982193716973946085e-01
6.268156040730328641e+03 9.962793564072036645e-01
6.268176139499166311e+03 9.982632255693842938e-01
6.268196138274131954e+03 9.985941747367037546e-01
6.268216137049094868e+03 9.988655518988561743e-01
6.268236135824061421e+03 9.969330647901915032e-01
6.268256134599026154e+03 9.982840351813998536e-01
6.268276233367864734e+03 9.977289213667273060e-01
6.268296232142828558e+03 9.921036918508960856e-01
6.268316230917795110e+03 9.942661896061566473e-01
6.268336229692757115e+03 9.966743235650303845e-01
6.268356228467723668e+03 9.956056106065487299e-01
6.268376327236561337e+03 9.950580053068125430e-01
6.268396326011524252e+03 9.983445302413531675e-01
6.268415824817117027e+03 9.992042991143924580e-01
6.268435823592079032e+03 9.980388265028173889e-01
6.268455822367043766e+03 9.983250623885900898e-01
6.268475921135882345e+03 9.984102342578673461e-01
6.268495919910847988e+03 9.969321489630117439e-01
6.268515918685813631e+03 9.969355059831068733e-01
6.268535917460776545e+03 9.975418412095935494e-01
6.268555916235742188e+03 9.964806864723219082e-01
6.268576015004579858e+03 9.942135703352834586e-01
6.268596013779544592e+03 9.961895968646716781e-01
6.268616012554509325e+03 9.961334120021193561e-01
6.268636011329473149e+03 9.923925749778593763e-01
6.268656010104437883e+03 9.942568993499291130e-01
6.268676108873274643e+03 9.955405244614343729e-01
6.268696107648239376e+03 9.951493931404297166e-01
6.268716106423205019e+03 9.938352893724007320e-01
6.268736105198168843e+03 9.958558205898830895e-01
6.268756103973132667e+03 9.954498129576543342e-01
6.268776202741971247e+03 9.924833167260838085e-01
6.268796201516935071e+03 9.931714867395322610e-01
6.268816200291901623e+03 9.931525588622590606e-01
6.268836199066864538e+03 9.921065136613815838e-01
6.268856197841829271e+03 9.904427405916563787e-01
6.268876296610667850e+03 9.898283710575032091e-01
6.268896295385633493e+03 9.890205648373256997e-01
6.268915794191223540e+03 9.857421396429785210e-01
6.268935792966186455e+03 9.872043478169358899e-01
6.268955791741151188e+03 9.868654691395718492e-01
6.268975890509991586e+03 9.832147259626713431e-01
6.268995889284954501e+03 9.830321875248660968e-01
6.269015888059919234e+03 9.819342738932633763e-01
6.269035886834883968e+03 9.799805530062909442e-01
6.269055885609848701e+03 9.794780551933116586e-01
6.269075984378687281e+03 9.779783044334984243e-01
6.269095983153651105e+03 9.763074844456607337e-01
6.269115981928614929e+03 9.726423331805893469e-01
6.269135980703581481e+03 9.719464623387537028e-01
6.269155979478542577e+03 9.699036948947916681e-01
6.269176078247383884e+03 9.659782394168728858e-01
6.269196077022348618e+03 9.624622042246229192e-01
6.269216075797313351e+03 9.614688336271924873e-01
6.269236074572278085e+03 9.587342540501840871e-01
6.269256073347240090e+03 9.519889975581874442e-01
6.269276172116080488e+03 9.522234910700820842e-01
6.269296170891045222e+03 9.512079623800421269e-01
6.269316169666009955e+03 9.484066609191390551e-01
6.269336168440972870e+03 9.483882580482601021e-01
6.269356167215937603e+03 9.485335498843466828e-01
6.269376265984777092e+03 9.463498884673147149e-01
6.269396264759741825e+03 9.433255589008389119e-01
6.269415763565330053e+03 9.453387148383867178e-01
6.269435762340293877e+03 9.443159078304049769e-01
6.269455761115258611e+03 9.419166842536217388e-01
6.269475859884098099e+03 9.425902361448753597e-01
6.269495858659063742e+03 9.422296606648812300e-01
6.269515857434026657e+03 9.426354094012662221e-01
6.269535856208992300e+03 9.424310792128991476e-01
6.269555854983957033e+03 9.433576015001516879e-01
6.269575953752793794e+03 9.429374620037765942e-01
6.269595952527759437e+03 9.418255025972367411e-01
6.269615951302723261e+03 9.444258939534274644e-01
6.269635950077687994e+03 9.531860841528549955e-01
6.269655948852652728e+03 9.530932370021810707e-01
6.269676047621491307e+03 9.549122295846746988e-01
6.269696046396456040e+03 9.548491215197870696e-01
6.269716045171419864e+03 9.541388133871760990e-01
6.269736043946382779e+03 9.564190049074519084e-01
6.269756042721348422e+03 9.597331546465998064e-01
6.269776141490186092e+03 9.607708870376211463e-01
6.269796140265151735e+03 9.615854883255839924e-01
6.269816139040115559e+03 9.627422496186407441e-01
6.269836137815079383e+03 9.654536480370939922e-01
6.269856136590045026e+03 9.678525670126513214e-01
6.269876235358883605e+03 9.692918196442302792e-01
6.269896234133848338e+03 9.726427443852434518e-01
6.269915732939438385e+03 9.730185773824761020e-01
6.269935731714402209e+03 9.722188924096787366e-01
6.269955730489366942e+03 9.741713114480702318e-01
6.269975829258206431e+03 9.750228076648650433e-01
6.269995828033170255e+03 9.748999761004752962e-01
6.270015826808134989e+03 9.757366250166782384e-01
6.270035825583099722e+03 9.780756750678819555e-01
6.270055824358063546e+03 9.797601589398656774e-01
6.270075923126902126e+03 9.796595346973683283e-01
6.270095921901865040e+03 9.799531551634209636e-01
6.270115920676830683e+03 9.812433779251230614e-01
6.270135919451795417e+03 9.826376930807596555e-01
6.270155918226761059e+03 9.828792087297767432e-01
6.270176016995598729e+03 9.846229608459368121e-01
6.270196015770563463e+03 9.847900777521745308e-01
6.270216014545529106e+03 9.825178710332093113e-01
6.270236013320492020e+03 9.850648052832043922e-01
6.270256012095454935e+03 9.870241752400350510e-01
6.270276110864295333e+03 9.874366108382937046e-01
6.270296109639260067e+03 9.871649261563536504e-01
6.270316108414222072e+03 9.898158005231386669e-01
6.270336107189187715e+03 9.899828444508190772e-01
6.270356105964154267e+03 9.882536155691988844e-01
6.270376204732991937e+03 9.903168637717688627e-01
6.270396203507955761e+03 9.918967699550155226e-01
6.270415702313546717e+03 9.923094598865197513e-01
6.270435701088510541e+03 9.937182790052926373e-01
6.270455699863476184e+03 9.943462939054363847e-01
6.270475798632313854e+03 9.937696316297668364e-01
6.270495797407279497e+03 9.927245879418415964e-01
6.270515796182244230e+03 9.975239999636801302e-01
6.270535794957207145e+03 9.990739538021257138e-01
6.270555793732172788e+03 9.984750147961478639e-01
6.270575892501010458e+03 9.989839075098408960e-01
6.270595891275974282e+03 9.990615976453058877e-01
6.270615890050939925e+03 9.986188196927433536e-01
6.270635888825902839e+03 9.974994535709422738e-01
6.270655887600868482e+03 1.000350436554864331e+00
6.270675986369706152e+03 1.000494964656305719e+00
6.270695985144669976e+03 9.979704217090330509e-01
6.270715983919633800e+03 1.001683737864285773e+00
6.270735982694599443e+03 1.002326429663571661e+00
6.270755981469564176e+03 1.001459876286959538e+00
6.270776080238402756e+03 9.999241760699055792e-01
6.270796079013365670e+03 1.002291660943878560e+00
6.270816077788332223e+03 1.004703697483070313e+00
6.270836076563296047e+03 1.003517482600807531e+00
6.270856075338259870e+03 1.003186228528077928e+00
6.270876174107100269e+03 1.003204327789334549e+00
6.270896172882063183e+03 1.001311938633498988e+00
6.270915671687652321e+03 9.988474676746615932e-01
6.270935670462618873e+03 1.001162737724576646e+00
6.270955669237582697e+03 1.000311165935160229e+00
6.270975768006420367e+03 9.976531696463494248e-01
6.270995766781385100e+03 9.987938640142763891e-01
6.271015765556350743e+03 9.986634005589655194e-01
6.271035764331314567e+03 9.995290200960816884e-01
6.271055763106278391e+03 9.991904176168333596e-01
6.271075861875117880e+03 1.000345850679880799e+00
6.271095860650083523e+03 9.989220032991950049e-01
6.271115859425046438e+03 9.964798557185283734e-01
6.271135858200010261e+03 9.972339557830121048e-01
6.271155856974974995e+03 9.977873497568259253e-01
6.271175955743814484e+03 9.980879571827387942e-01
6.271195954518777398e+03 9.988717437427487855e-01
6.271215953293742132e+03 9.999751166377721656e-01
6.271235952068707775e+03 9.988115292152216496e-01
