6.278373489144260930e+03 1.002884364549102347e+00
6.278393488677555979e+03 1.008471423100259390e+00
6.278413588208515648e+03 1.001208604231236698e+00
6.278433587741808878e+03 1.007851940510959832e+00
6.278453587275104837e+03 1.010823428973104843e+00
6.278473586808400796e+03 1.005685702381412749e+00
6.278493586341694936e+03 1.001060302440304639e+00
6.278513685872658243e+03 1.006065498083462906e+00
6.278533685405951474e+03 1.009962562431014677e+00
6.278553684939249251e+03 1.001722670126714787e+00
6.278573684472541572e+03 1.006664858799893425e+00
6.278593684005836622e+03 1.002978183872939466e+00
6.278613283548465915e+03 9.959037325591100220e-01
6.278633283081760055e+03 9.973140959763754365e-01
6.278653282615057833e+03 9.989007020791604852e-01
6.278673282148351063e+03 1.001000755962845323e+00
6.278693281681645203e+03 1.020758754317890871e+00
6.278713381212605782e+03 9.809300249810655181e-01
6.278733380745903560e+03 1.018090572583518538e+00
6.278753380279197700e+03 9.847916861643624120e-01
6.278773379812491839e+03 1.017722388464581407e+00
6.278793379345786889e+03 1.002937003814465378e+00
6.278813478876748377e+03 1.002819721733740899e+00
6.278833478410044336e+03 1.000262019974867522e+00
6.278853477943338476e+03 1.001587400226145563e+00
6.278873477476634434e+03 9.959328863227675521e-01
6.278893477009928574e+03 9.927744511231642033e-01
6.278913576540889153e+03 1.016081221604053342e+00
6.278933576074184202e+03 9.968537636103458333e-01
6.278953575607479252e+03 1.015210124935326474e+00
6.278973575140773391e+03 9.772646958000159589e-01
6.278993574674068441e+03 1.007652403118534545e+00
6.279013674205031748e+03 1.004490076934079434e+00
6.279033673738325888e+03 1.004991336637668820e+00
6.279053673271621847e+03 1.007034232390372042e+00
6.279073672804916896e+03 1.007438185237123918e+00
6.279093672338211036e+03 1.014159301397386193e+00
6.279113271880839420e+03 1.006305469568861355e+00
6.279133271414135379e+03 9.967749044156560823e-01
6.279153270947428609e+03 1.003601656415420207e+00
6.279173270480724568e+03 1.001495308125154082e+00
6.279193270014019618e+03 1.002750862977006552e+00
6.279213369544981106e+03 1.005838179753202999e+00
6.279233369078277065e+03 1.005142660387545961e+00
6.279253368611573023e+03 1.004912440766369208e+00
6.279273368144865344e+03 1.006438760739119198e+00
6.279293367678160394e+03 1.010288739510200484e+00
6.279313467209120972e+03 1.004529733257738977e+00
6.279333466742416931e+03 1.003101873463149829e+00
6.279353466275712890e+03 1.003427087665371253e+00
6.279373465809007939e+03 1.002498332022081939e+00
6.279393465342302079e+03 1.000743414433260314e+00
6.279413564873263567e+03 1.000265285190908626e+00
6.279433564406558617e+03 1.003354246366642721e+00
6.279453563939850937e+03 1.012632584128064117e+00
6.279473563473147806e+03 1.010460976626223584e+00
6.279493563006442855e+03 1.007436503601745414e+00
6.279513662537404343e+03 1.003814736957157949e+00
6.279533662070700302e+03 9.987985836310441234e-01
6.279553661603994442e+03 9.956413355932122178e-01
6.279573661137289491e+03 9.944673164545417832e-01
6.279593660670586360e+03 9.954234233519646535e-01
6.279613260213212016e+03 9.941052271847360400e-01
6.279633259746507974e+03 9.951967007177908719e-01
6.279653259279804843e+03 9.934474191919800967e-01
6.279673258813098073e+03 9.885599678269507695e-01
6.279693258346392213e+03 9.956720310735887036e-01
6.279713357877354611e+03 9.937724208313020169e-01
6.279733357410650569e+03 1.011462760218861279e+00
6.279753356943945619e+03 9.636967150420714390e-01
6.279773356477238849e+03 1.021704777599060199e+00
6.279793356010535717e+03 9.998734970751600448e-01
6.279813455541495387e+03 1.005162039075580438e+00
6.279833455074791345e+03 1.000761662416826958e+00
6.279853454608086395e+03 9.962404126609717414e-01
6.279873454141381444e+03 9.960091811359195191e-01
6.279893453674674674e+03 9.996513427738674684e-01
6.279913553205637072e+03 9.949489671189296613e-01
6.279933552738933031e+03 9.962446067241078618e-01
6.279953552272228080e+03 9.965248541230610213e-01
6.279973551805523130e+03 9.932993779764572873e-01
6.279993551338817269e+03 9.940797923423193572e-01
6.280013650869779667e+03 9.923325408547599702e-01
6.280033650403071988e+03 9.918676877253818081e-01
6.280053649936369766e+03 9.977989960070116071e-01
6.280073649469662996e+03 9.912689254698615615e-01
6.280093649002957136e+03 9.854906305163170233e-01
6.280113248545588249e+03 9.819344329829554630e-01
6.280133248078883298e+03 9.895714197861249506e-01
6.280153247612175619e+03 9.794863276059725399e-01
6.280173247145473397e+03 9.760996931584851044e-01
6.280193246678767537e+03 9.963513104106767049e-01
6.280213346209730844e+03 9.998656789888319407e-01
6.280233345743023165e+03 9.842635823013674568e-01
6.280253345276319124e+03 9.864031623764644152e-01
6.280273344809613263e+03 1.004307317621714102e+00
6.280293344342906494e+03 1.004147818772385348e+00
6.280313443873868891e+03 9.935091385270642395e-01
6.280333443407163941e+03 9.972502792796755777e-01
6.280353442940459900e+03 9.915957128880111826e-01
6.280373442473755858e+03 9.876653767128182881e-01
6.280393442007048179e+03 9.869209844765753914e-01
6.280413541538011486e+03 9.868171469609730018e-01
6.280433541071306536e+03 9.842456406119256540e-01
6.280453540604598857e+03 9.958233329666026368e-01
6.280473540137896634e+03 9.983343071014105785e-01
6.280493539671189865e+03 9.957592692846050086e-01
6.280513639202153172e+03 9.948722318447361657e-01
6.280533638735448221e+03 9.894554925065222051e-01
6.280553638268742361e+03 9.876933807791837827e-01
6.280573637802037410e+03 9.897712421101213520e-01
6.280593637335332460e+03 9.939862866181394807e-01
6.280613236877961754e+03 9.970020506794481374e-01
6.280633236411256803e+03 9.958242108764773226e-01
6.280653235944550943e+03 9.890899408740650989e-01
6.280673235477847811e+03 9.833161187448062890e-01
6.280693235011141041e+03 9.853341604324546976e-01
6.280713334542102530e+03 9.893057435905859842e-01
6.280733334075397579e+03 9.931342369126194836e-01
6.280753333608692628e+03 9.941615739901836779e-01
6.280773333141986768e+03 9.894798343534239038e-01
6.280793332675282727e+03 9.847937381858787864e-01
6.280813432206243306e+03 9.910256039423530616e-01
6.280833431739538355e+03 9.983554902427873579e-01
6.280853431272833404e+03 9.953890470030286597e-01
6.280873430806128454e+03 9.879145488171835465e-01
6.280893430339422594e+03 9.908055505660038342e-01
6.280913529870385901e+03 9.909017323420947765e-01
6.280933529403680041e+03 9.891527028599128579e-01
6.280953528936975090e+03 9.873996812884837659e-01
6.280973528470271049e+03 9.941325928062780815e-01
6.280993528003566098e+03 9.932022934800720515e-01
6.281013627534526677e+03 1.013684577505786333e+00
6.281033627067821726e+03 9.698750899297057249e-01
6.281053626601115866e+03 1.011716618923481636e+00
6.281073626134410006e+03 9.894877872119312023e-01
6.281093625667705965e+03 9.948644567457493038e-01
6.281113225210334349e+03 9.957710084144684171e-01
6.281133224743631217e+03 9.928848568406399844e-01
6.281153224276924448e+03 9.918822787821052200e-01
6.281173223810219497e+03 9.886481618039200114e-01
6.281193223343514546e+03 9.784508934518265644e-01
6.281213322874477853e+03 9.833458443624374379e-01
6.281233322407771084e+03 9.869911239456655716e-01
6.281253321941064314e+03 9.902478691133256294e-01
6.281273321474360273e+03 9.945927509474029593e-01
6.281293321007657141e+03 9.843208951481743352e-01
6.281313420538618630e+03 9.789510101817625598e-01
6.281333420071910950e+03 9.769421635294796014e-01
6.281353419605206909e+03 9.735730623715792564e-01
6.281373419138503778e+03 9.798828308877647331e-01
6.281393418671797917e+03 9.781948161905804628e-01
6.281413518202757587e+03 9.692408479736952520e-01
6.281433517736052636e+03 9.698947686566198323e-01
6.281453517269347685e+03 9.700952945561363006e-01
6.281473516802642735e+03 9.723063823937669881e-01
6.281493516335938693e+03 9.753038705602595781e-01
6.281513615866899272e+03 9.798895052672765837e-01
6.281533615400195231e+03 9.754149491832941887e-01
6.281553614933491190e+03 9.744704952491592964e-01
6.281573614466783511e+03 9.827538536087309096e-01
6.281593614000080379e+03 9.693261121811805880e-01
6.281613213542709673e+03 9.716767940856533281e-01
6.281633213076003813e+03 9.764224171477272618e-01
6.281653212609297043e+03 9.741504823565487747e-01
6.281673212142593911e+03 9.751720088786093310e-01
6.281693211675888051e+03 9.728051652726220633e-01
6.281713311206851358e+03 9.686002555487013277e-01
6.281733310740144589e+03 9.633922096819951264e-01
6.281753310273440547e+03 9.678932329746070540e-01
6.281773309806735597e+03 9.733367256327878358e-01
6.281793309340030646e+03 9.904400790802938559e-01
6.281813408870990315e+03 9.613375260454835036e-01
6.281833408404284455e+03 1.003901221676031685e+00
6.281853407937579505e+03 9.814056840942527726e-01
6.281873407470876373e+03 9.765745458943009272e-01
6.281893407004169603e+03 9.722423132783831745e-01
6.281913506535132910e+03 9.795242136978351555e-01
6.281933506068427960e+03 9.819775041800133941e-01
6.281953505601723009e+03 9.780384216968063260e-01
6.281973505135016239e+03 9.840423756558105417e-01
6.281993504668313108e+03 9.839526442245679627e-01
6.282013604199275505e+03 9.806189473195943140e-01
6.282033603732568736e+03 9.738545518216721320e-01
6.282053603265863785e+03 9.791441806826768346e-01
6.282073602799157925e+03 9.858126913119956702e-01
6.282093602332453884e+03 9.898882490161166059e-01
6.282113201875082268e+03 9.874876674601023030e-01
6.282133201408378227e+03 9.811154386848546238e-01
6.282153200941673276e+03 9.769125106145390980e-01
6.282173200474967416e+03 9.752353162244629114e-01
6.282193200008262465e+03 9.788190759044442801e-01
6.282213299539224863e+03 9.795891278471932084e-01
6.282233299072519003e+03 9.805483796160300303e-01
6.282253298605814052e+03 9.808826571449905662e-01
6.282273298139108192e+03 9.785876272173389401e-01
6.282293297672403241e+03 9.786528092191193462e-01
6.282313397203363820e+03 9.745805390290539494e-01
6.282333396736657960e+03 9.709887044193147299e-01
6.282353396269956647e+03 9.740434462457970843e-01
6.282373395803251697e+03 9.764201830314627184e-01
6.282393395336544927e+03 9.769817526077964054e-01
6.282413494867505506e+03 9.793137943951157887e-01
6.282433494400800555e+03 9.754747381395213468e-01
6.282453493934097423e+03 9.705623947091518433e-01
6.282473493467390654e+03 9.631966132993448060e-01
6.282493493000685703e+03 9.559398546438306887e-01
6.282513592531646282e+03 9.683530179027777240e-01
6.282533592064942241e+03 9.724217247665949415e-01
6.282553591598238199e+03 9.839043434159470136e-01
6.282573591131533249e+03 9.651072138294551905e-01
6.282593590664827389e+03 9.825033177271338403e-01
6.282613190207455773e+03 9.715117609444346991e-01
6.282633189740750822e+03 9.689290692540427630e-01
6.282653189274048600e+03 9.739590193721672229e-01
6.282673188807340921e+03 9.651624928034349127e-01
6.282693188340633242e+03 9.680645809431756010e-01
6.282713287871597458e+03 9.727466880956712192e-01
6.282733287404893417e+03 9.766740409169242243e-01
6.282753286938188467e+03 9.737605841428755848e-01
6.282773286471482606e+03 9.635990022496958574e-01
6.282793286004776746e+03 9.572310196121659454e-01
6.282813385535739144e+03 9.669196711864103122e-01
6.282833385069033284e+03 9.635114707164138537e-01
6.282853384602328333e+03 9.617691068756302197e-01
6.282873384135624292e+03 9.603377818563181290e-01
6.282893383668917522e+03 9.582533525058548607e-01
6.282913483199879920e+03 9.582797094900338264e-01
6.282933482733174060e+03 9.548205368253528391e-01
6.282953482266469109e+03 9.521430670663437734e-01
6.282973481799765068e+03 9.603361448968913416e-01
6.282993481333058298e+03 9.568992315965936246e-01
6.283013580864020696e+03 9.519052087307066090e-01
6.283033580397316655e+03 9.475065024193594088e-01
6.283053579930610795e+03 9.500499533392866569e-01
6.283073579463904935e+03 9.574288585271980567e-01
6.283093578997201803e+03 9.556999856043217889e-01
6.283113178539829278e+03 9.489478223303793314e-01
6.283133178073124327e+03 9.552871324089710070e-01
6.283153177606421195e+03 9.583903455178731656e-01
6.283173177139717154e+03 9.546284143090792984e-01
6.283193176673011294e+03 9.464356185402146293e-01
6.283213276203970963e+03 9.514999008687570203e-01
6.283233275737265103e+03 9.527225924462553452e-01
6.283253275270561062e+03 9.545154925924965728e-01
6.283273274803857021e+03 9.571029447077687990e-01
6.283293274337152070e+03 9.500365740577971785e-01
6.283313373868113558e+03 9.538065066227865429e-01
6.283333373401405879e+03 9.539387461609648566e-01
6.283353372934700928e+03 9.476767707214572845e-01
6.283373372467997797e+03 9.407030695238323137e-01
6.283393372001291027e+03 9.435909893131153581e-01
6.283413471532253425e+03 9.463655015626780687e-01
6.283433471065549384e+03 9.461855056632886285e-01
6.283453470598843523e+03 9.458723900574756982e-01
6.283473470132138573e+03 9.427868466873450259e-01
6.283493469665433622e+03 9.413781436306279948e-01
6.283513569196396020e+03 9.440544976648862496e-01
6.283533568729690160e+03 9.465711357039118257e-01
6.283553568262985209e+03 9.473877200142701849e-01
6.283573567796280258e+03 9.455110333221657948e-01
6.283593567329575308e+03 9.475679001809190760e-01
6.283613166872203692e+03 9.400284416334879767e-01
6.283633166405497832e+03 9.423401481674495983e-01
6.283653165938793791e+03 9.394505008928456524e-01
6.283673165472088840e+03 9.546056627898936719e-01
6.283693165005385708e+03 9.490562860578973803e-01
6.283713264536344468e+03 9.405531491017450341e-01
6.283733264069638608e+03 9.392916752298321459e-01
6.283753263602934567e+03 9.366978184654659589e-01
6.283773263136229616e+03 9.388847151651057432e-01
6.283793262669525575e+03 9.399031894083422767e-01
6.283813362200485244e+03 9.420489818698399853e-01
6.283833361733780293e+03 9.497381969199439888e-01
6.283853361267076252e+03 9.458648404775629182e-01
6.283873360800372211e+03 9.453494693473103450e-01
6.283893360333667260e+03 9.476253214143239845e-01
6.283913459864627839e+03 9.553057010605607857e-01
6.283933459397923798e+03 9.504719705487097992e-01
6.283953458931217938e+03 9.506309077820361830e-01
6.283973458464511168e+03 9.513383599279972014e-01
6.283993457997807127e+03 9.427894599517678831e-01
6.284013557528768615e+03 9.468834280180855600e-01
6.284033557062061845e+03 9.507376025860064805e-01
6.284053556595358714e+03 9.524624970033259697e-01
6.284073556128651944e+03 9.438657851681099276e-01
6.284093555661948812e+03 9.531008346707040557e-01
6.284113155204577197e+03 9.533921861540601839e-01
6.284133154737873156e+03 9.493822554136376324e-01
6.284153154271167296e+03 9.552884393647010919e-01
6.284173153804462345e+03 9.512285735193465319e-01
6.284193153337756485e+03 9.488605606688139682e-01
6.284213252868717973e+03 9.486843757359171292e-01
6.284233252402013022e+03 9.535246137732923399e-01
6.284253251935307162e+03 9.528947303413344283e-01
6.284273251468602211e+03 9.520131356371037690e-01
6.284293251001899080e+03 9.514898360508834418e-01
6.284313350532860568e+03 9.544557377796725195e-01
6.284333350066154708e+03 9.550612680930137266e-01
6.284353349599450667e+03 9.579778922376553929e-01
6.284373349132745716e+03 9.640832220644262041e-01
6.284393348666041675e+03 9.604291884787526934e-01
6.284413448197003163e+03 9.675007617640506430e-01
6.284433447730296393e+03 9.638350371134989381e-01
6.284453447263589624e+03 9.681874864086398302e-01
6.284473446796885582e+03 9.602523494683524730e-01
6.284493446330180632e+03 9.592752210791295475e-01
6.284513545861143939e+03 9.589545355673949611e-01
6.284533545394436260e+03 9.586449535442937986e-01
6.284553544927732219e+03 9.582933563612551220e-01
6.284573544461028177e+03 9.547284639065042322e-01
6.284593543994321408e+03 9.556245543549494181e-01
6.284613143536951611e+03 9.607904246740368581e-01
6.284633143070247570e+03 9.574540336764563175e-01
6.284653142603540800e+03 9.618126380878970760e-01
6.284673142136836759e+03 9.615412715313989001e-01
6.284693141670130899e+03 9.560091438409422659e-01
6.284713241201092387e+03 9.550771815164769141e-01
6.284733240734387437e+03 9.645492224132505843e-01
6.284753240267682486e+03 9.670691929985949509e-01
6.284773239800978445e+03 9.603369666980293706e-01
6.284793239334272585e+03 9.552994634561082776e-01
6.284813338865234982e+03 9.537446455781137811e-01
6.284833338398527303e+03 9.532090939882147396e-01
6.284853337931823262e+03 9.536474687317579857e-01
6.284873337465119221e+03 9.600830273231978351e-01
6.284893336998414270e+03 9.607243547819128704e-01
6.284913436529373030e+03 9.644452376670374916e-01
6.284933436062670808e+03 9.726134103796373331e-01
6.284953435595963128e+03 9.781921167938426587e-01
6.284973435129260906e+03 9.752315130321610459e-01
6.284993434662555956e+03 9.733366709439470466e-01
6.285013534193515625e+03 9.741857474466045774e-01
6.285033533726811584e+03 9.739645299199785056e-01
6.285053533260105723e+03 9.775232454352202893e-01
6.285073532793399863e+03 9.787317298602687954e-01
6.285093532326695822e+03 9.765077735643465928e-01
6.285113131869325116e+03 9.781700133581239243e-01
6.285133131402620165e+03 9.690567584781720756e-01
6.285153130935913396e+03 9.673708421638308463e-01
6.285173130469210264e+03 9.761303750936582979e-01
6.285193130002505313e+03 9.722651883179609378e-01
6.285213229533466802e+03 9.756958845454095641e-01
6.285233229066760032e+03 9.742202891938076537e-01
6.285253228600056900e+03 9.665604230665723051e-01
6.285273228133350131e+03 9.757204411947943967e-01
6.285293227666645180e+03 9.728714263749176361e-01
6.285313327197608487e+03 9.713688085653304771e-01
6.285333326730902627e+03 9.732435091890413448e-01
6.285353326264198586e+03 9.693455722641108885e-01
6.285373325797492726e+03 9.635609870324851611e-01
6.285393325330787775e+03 9.642226703221148387e-01
6.285413424861751082e+03 9.722428264690542443e-01
6.285433424395044312e+03 9.738962316298335198e-01
6.285453423928338452e+03 9.644137377556594171e-01
6.285473423461632592e+03 9.634491307543363581e-01
6.285493422994928551e+03 9.739778605005229295e-01
6.285513522525889130e+03 9.804663215169161505e-01
6.285533522059182360e+03 9.706717847541432853e-01
6.285553521592481047e+03 9.667214457068330491e-01
6.285573521125775187e+03 9.720274266844654010e-01
6.285593520659070236e+03 9.722268084793103116e-01
6.285613120201698621e+03 9.791866026767221953e-01
6.285633119734994580e+03 9.806538673759386260e-01
6.285653119268287810e+03 9.773960089171419563e-01
6.285673118801583769e+03 9.828766654698396499e-01
6.285693118334876999e+03 9.836474276797980698e-01
6.285713217865841216e+03 9.822776343198412752e-01
6.285733217399135356e+03 9.826807533177978060e-01
6.285753216932430405e+03 9.735651909272774462e-01
6.285773216465723635e+03 9.706006067589356689e-01
6.285793215999020504e+03 9.698767587563278392e-01
6.285813315529981992e+03 9.708733367536259706e-01
6.285833315063276132e+03 9.721494290527471493e-01
6.285853314596571181e+03 9.778819389242934257e-01
6.285873314129868959e+03 9.794038801112594506e-01
6.285893313663161280e+03 9.768907321227372487e-01
6.285913413194122768e+03 9.764240864804547559e-01
6.285933412727417817e+03 9.803454712556852746e-01
6.285953412260711048e+03 9.825808740029614574e-01
6.285973411794007916e+03 9.830188127415547816e-01
6.285993411327302056e+03 9.834453064355931362e-01
6.286013510858264453e+03 9.801880409303411756e-01
6.286033510391558593e+03 9.809211189369163586e-01
6.286053509924855462e+03 9.838090665177160465e-01
6.286073509458146873e+03 9.774450550224673684e-01
6.286093508991442832e+03 9.852644549255271667e-01
6.286113108534073035e+03 9.881174592448428440e-01
6.286133108067369903e+03 9.863124397471920712e-01
6.286153107600662224e+03 9.811819564171606611e-01
6.286173107133958183e+03 9.928544852860295977e-01
6.286193106667252323e+03 9.945400181865803324e-01
6.286213206198213811e+03 9.901689338946293439e-01
6.286233205731508860e+03 9.928212597250007931e-01
6.286253205264803910e+03 9.857827919636067415e-01
6.286273204798098050e+03 9.877445521406204021e-01
6.286293204331394918e+03 9.938313774107701004e-01
6.286313303862353678e+03 9.934112594843784727e-01
6.286333303395649637e+03 9.907112815439432785e-01
6.286353302928944686e+03 9.936946984531018767e-01
6.286373302462239735e+03 9.974768005618198652e-01
6.286393301995535694e+03 9.910150729394295865e-01
6.286413401526496273e+03 9.950626566750636615e-01
6.286433401059793141e+03 9.919166292001334595e-01
6.286453400593087281e+03 9.878334883948111100e-01
6.286473400126382330e+03 9.930215775958703972e-01
6.286493399659675561e+03 9.954036673165392868e-01
6.286513499190637049e+03 9.923224511646966395e-01
6.286533498723933008e+03 9.907995535052431801e-01
6.286553498257228057e+03 1.002194928007699382e+00
6.286573497790521287e+03 9.927380856648720941e-01
6.286593497323818156e+03 9.916335590942326750e-01
6.286613096866447449e+03 9.924557838599433746e-01
6.286633096399740680e+03 9.898453568599373531e-01
6.286653095933035729e+03 9.973298616912036341e-01
6.286673095466331688e+03 9.941585282430696058e-01
6.286693094999626737e+03 9.909675819121626095e-01
6.286713194530587316e+03 9.959257605042256545e-01
6.286733194063881456e+03 9.942714799912539814e-01
6.286753193597178324e+03 1.001339795677092415e+00
6.286773193130473373e+03 1.005065694603728854e+00
6.286793192663766604e+03 9.974010159150599186e-01
6.286813292194729911e+03 9.957390366599511156e-01
6.286833291728023141e+03 1.003128263843993784e+00
6.286853291261318191e+03 1.005029385656923235e+00
6.286873290794613240e+03 9.937723506399086526e-01
6.286893290327908289e+03 9.902448863804368395e-01
6.286913389858870687e+03 9.865596581641240537e-01
6.286933389392165736e+03 9.869338048232771943e-01
6.286953388925459876e+03 9.927334228104994773e-01
6.286973388458754016e+03 9.898164011390657713e-01
6.286993387992049975e+03 9.868182509515270873e-01
6.287013487523012373e+03 9.853083666141990715e-01
6.287033487056305603e+03 9.850902558884978566e-01
6.287053486589600652e+03 9.725600616673321097e-01
6.287073486122896611e+03 9.767608090458126391e-01
6.287093485656191660e+03 9.843818995987958509e-01
6.287113085198820045e+03 9.909639953618786246e-01
6.287133084732116004e+03 9.765496768119410476e-01
6.287153084265411962e+03 9.803092734944467423e-01
6.287173083798704283e+03 9.769548056702004324e-01
6.287193083332000242e+03 9.677509152910317436e-01
6.287213182862962640e+03 9.689942094819263829e-01
6.287233182396256780e+03 9.717921533378128807e-01
6.287253181929550919e+03 9.736359606156134161e-01
6.287273181462846878e+03 9.754761531400383268e-01
6.287293180996142837e+03 9.827209248251049800e-01
6.287313280527102506e+03 9.757430491203238354e-01
6.287333280060396646e+03 9.794354514211909279e-01
6.287353279593692605e+03 9.866164097551033407e-01
6.287373279126988564e+03 9.811117737581316334e-01
6.287393278660283613e+03 9.888713234406981689e-01
6.287413378191242373e+03 9.818030494451464030e-01
6.287433377724539241e+03 9.711406085265740229e-01
6.287453377257831562e+03 9.720574033822563242e-01
6.287473376791129340e+03 9.694001625242324449e-01
6.287493376324422570e+03 9.699125337947298586e-01
6.287513475855385877e+03 9.703482399024492278e-01
6.287533475388680017e+03 9.700517754446815744e-01
6.287553474921974157e+03 9.795751405101509324e-01
6.287573474455270116e+03 9.838330983217810077e-01
6.287593473988565165e+03 1.000532708995245157e+00
6.287613073531194459e+03 9.971080413878283810e-01
6.287633073064488599e+03 1.002512387537686678e+00
6.287653072597783648e+03 9.854390150705809592e-01
6.287673072131078698e+03 9.883960747572788641e-01
6.287693071664375566e+03 9.949378725211696084e-01
6.287713171195335235e+03 9.928623859701325438e-01
6.287733170728632103e+03 9.983876769869476364e-01
6.287753170261925334e+03 9.994651282681867865e-01
6.287773169795219474e+03 9.941200599164036200e-01
6.287793169328515432e+03 1.000675873078429978e+00
6.287813268859475102e+03 1.003820611083722891e+00
6.287833268392770151e+03 1.008307274904598705e+00
6.287853267926064291e+03 1.013010452967423980e+00
6.287873267459361159e+03 1.000973746017093102e+00
6.287893266992654389e+03 1.004801604544174332e+00
6.287913366523616787e+03 1.006721127100722590e+00
6.287933366056914565e+03 1.005709174189238331e+00
6.287953365590206886e+03 1.001557208502702023e+00
6.287973365123501935e+03 1.003808323105863209e+00
6.287993364656796984e+03 1.006399214507439632e+00
6.288013464187758473e+03 1.007740736561861583e+00
6.288033463721054432e+03 1.004170447079059336e+00
6.288053463254349481e+03 9.974125132887651235e-01
6.288073462787642711e+03 9.977230896907599567e-01
6.288093462320939580e+03 1.000129182460898214e+00
6.288113061863567054e+03 9.991265275622386310e-01
6.288133061396863923e+03 9.950064946976290292e-01
6.288153060930157153e+03 9.941706320149579224e-01
6.288173060463452202e+03 9.941568537387043270e-01
6.288193059996746342e+03 9.935177046919407839e-01
6.288213159527710559e+03 9.986773328891707102e-01
6.288233159061003789e+03 9.954516577812184686e-01
6.288253158594300658e+03 9.926734512817554368e-01
6.288273158127593888e+03 9.942156695639765562e-01
6.288293157660888937e+03 9.955148076989440709e-01
6.288313257191851335e+03 1.001803850050506650e+00
6.288333256725144565e+03 1.008301926559662443e+00
6.288353256258441434e+03 1.012946940792918138e+00
6.288373255791734664e+03 1.004371140793925088e+00
6.288393255325029713e+03 9.967869765818332395e-01
6.288413354855990292e+03 1.001281806166822719e+00
