6.286705676682979174e+03 9.999135456641591313e-01
6.286725676192357241e+03 1.000608397914628744e+00
6.286745675701735308e+03 9.997963414038194552e-01
6.286765675211113376e+03 9.986461266720048080e-01
6.286785674720494171e+03 9.996460485928879702e-01
6.286805774227419533e+03 9.989995620948588506e-01
6.286825773736798510e+03 9.983077468293111156e-01
6.286845773246175668e+03 9.976625947634620850e-01
6.286865772755555554e+03 9.972364703272010855e-01
6.286885772264935440e+03 9.960680271601514146e-01
6.286905871771860802e+03 9.964368257194921030e-01
6.286925871281239779e+03 9.966274403387550551e-01
6.286945870790616937e+03 9.945785000330056302e-01
6.286965870299995913e+03 9.937425687883099101e-01
6.286985869809374890e+03 9.934566722148246987e-01
6.287005969316300252e+03 9.925806315023174564e-01
6.287025968825679229e+03 9.898055125376421515e-01
6.287045968335060024e+03 9.884612666432986972e-01
6.287065967844439001e+03 9.870314462778868592e-01
6.287085467366081502e+03 9.856395066051172327e-01
6.287105566873008684e+03 9.852221379247640964e-01
6.287125566382387660e+03 9.832247078893442405e-01
6.287145565891766637e+03 9.801498620090518532e-01
6.287165565401146523e+03 9.767983404065557762e-01
6.287185564910525500e+03 9.731240043646293136e-01
6.287205664417450862e+03 9.695228227784077335e-01
6.287225663926828929e+03 9.648529906116602994e-01
6.287245663436207906e+03 9.615725543578939050e-01
6.287265662945586882e+03 9.605265206067744588e-01
6.287285662454965859e+03 9.612116576931565293e-01
6.287305761961892131e+03 9.596830546335746170e-01
6.287325761471272017e+03 9.598860223158350857e-01
6.287345760980650084e+03 9.622744071780301445e-01
6.287365760490027242e+03 9.642724725847123812e-01
6.287385759999406218e+03 9.640521155897114891e-01
6.287405859506331581e+03 9.629335034722549258e-01
6.287425859015711467e+03 9.610309461345790671e-01
6.287445858525089534e+03 9.577568872474429007e-01
6.287465858034471239e+03 9.552886533013426051e-01
6.287485857543847487e+03 9.541336125775478072e-01
6.287505957050773759e+03 9.542572855662625475e-01
6.287525956560152736e+03 9.581262019283999232e-01
6.287545956069531712e+03 9.647818588189962519e-01
6.287565955578908870e+03 9.668089803796503512e-01
6.287585455100553190e+03 9.724371690581573580e-01
6.287605554607481281e+03 9.684335849579208677e-01
6.287625554116858439e+03 9.999672751808761362e-01
6.287645553626238325e+03 9.867545944295047500e-01
6.287665553135617301e+03 9.901391295167595308e-01
6.287685552644995369e+03 9.914487727583534138e-01
6.287705652151922550e+03 9.904994458700716597e-01
6.287725651661300617e+03 9.930918594854597492e-01
6.287745651170681413e+03 9.959992071229820665e-01
6.287765650680059480e+03 9.966753791355834613e-01
6.287785650189438456e+03 9.983905683053394542e-01
6.287805749696361090e+03 9.986706464060826072e-01
6.287825749205741886e+03 9.983465696153821511e-01
6.287845748715119953e+03 9.993440027139648407e-01
6.287865748224499839e+03 9.995260428498705663e-01
6.287885747733877906e+03 9.991034119949153691e-01
6.287905847240804178e+03 9.989166098648192271e-01
6.287925846750183155e+03 9.990854934962746237e-01
6.287945846259562131e+03 9.988470775513021982e-01
6.287965845768942017e+03 9.988320329363375993e-01
6.287985845278320085e+03 9.994670438089937603e-01
6.288005944785246356e+03 1.000672128398271354e+00
6.288025944294625333e+03 1.000420479944653440e+00
6.288045943804004310e+03 1.000451117567758841e+00
