6.292045845679782360e+03 1.001937020173679249e+00
6.292065845189160427e+03 9.986714794877116219e-01
6.292085344710802929e+03 9.992056076991461255e-01
6.292105444217729200e+03 9.977169688479459175e-01
6.292125443727108177e+03 9.981405021420806101e-01
6.292145443236486244e+03 9.987120414339670793e-01
6.292165442745866130e+03 9.993672016592011209e-01
6.292185442255244197e+03 1.000627298820211397e+00
6.292205541762172288e+03 9.998597557332742358e-01
6.292225541271551265e+03 9.998969597822615629e-01
6.292245540780928422e+03 1.000120782784029494e+00
6.292265540290308309e+03 1.000241626141986639e+00
6.292285539799686376e+03 1.000066464786655507e+00
6.292305639306611738e+03 9.996401482206684896e-01
6.292325638815992534e+03 9.997803000684155617e-01
6.292345638325369691e+03 1.000229259154739481e+00
6.292365637834748668e+03 9.993786198478774585e-01
6.292385637344127645e+03 9.992936048932911097e-01
6.292405736851053916e+03 1.000269786574084829e+00
6.292425736360431983e+03 1.001374760972280953e+00
6.292445735869810960e+03 9.981314294124984388e-01
6.292465735379189027e+03 9.982137201987072439e-01
6.292485734888568004e+03 9.982445503851303803e-01
6.292505834395495185e+03 9.972589919363584743e-01
6.292525833904874162e+03 9.975020890782538840e-01
6.292545833414253138e+03 9.987290701127083947e-01
6.292565832923630296e+03 9.984705010891516963e-01
6.292585332445274616e+03 9.984703215861588932e-01
6.292605431952202707e+03 9.984816117145642878e-01
6.292625431461581684e+03 9.979209009693699173e-01
6.292645430970958841e+03 9.994690440703964951e-01
6.292665430480339637e+03 9.984904567912460394e-01
6.292685429989717704e+03 9.973126716757447774e-01
6.292705529496643976e+03 9.973047295245783816e-01
6.292725529006022043e+03 9.956192914377597347e-01
6.292745528515401929e+03 9.954573938565097757e-01
6.292765528024779996e+03 9.954176337411240194e-01
6.292785527534158064e+03 1.007415991928865440e+00
6.292805627041083426e+03 9.616481705880631781e-01
6.292825626550462403e+03 1.013986657001960223e+00
6.292845626059842289e+03 9.876239728777527205e-01
6.292865625569222175e+03 9.964460260264926816e-01
6.292885625078601151e+03 9.924094529603438852e-01
6.292905724585525604e+03 9.893818119161492675e-01
6.292925724094904581e+03 9.891752982645529713e-01
6.292945723604283558e+03 9.898747002547809704e-01
6.292965723113660715e+03 9.910109035169779590e-01
6.292985722623043330e+03 9.894359893565805031e-01
6.293005822129967783e+03 9.885355020635826495e-01
6.293025821639345850e+03 9.889264720814958665e-01
6.293045821148725736e+03 9.896835345106899107e-01
6.293065820658105622e+03 9.893614618562232010e-01
6.293085320179748123e+03 9.906655129523285197e-01
6.293105419686672576e+03 9.892449619084353607e-01
6.293125419196053372e+03 9.876256867519478400e-01
6.293145418705431439e+03 9.867707588273099129e-01
6.293165418214810416e+03 9.863654171546973881e-01
6.293185417724191211e+03 9.870709855840473779e-01
6.293205517231115664e+03 9.887201363927928810e-01
6.293225516740493731e+03 9.906069266755117564e-01
6.293245516249873617e+03 9.912158961863551943e-01
6.293265515759251684e+03 9.912341663196423402e-01
6.293285515268630661e+03 9.923309509810052109e-01
6.293305614775555114e+03 9.935301151824553756e-01
6.293325614284935000e+03 9.942608011196554241e-01
6.293345613794315796e+03 9.946576397622896026e-01
6.293365613303692044e+03 9.948233742530316892e-01
6.293385612813072839e+03 9.959261580760881971e-01
6.293405712319998202e+03 9.976383144147994431e-01
6.293425711829377178e+03 9.985804247002305623e-01
6.293445711338755245e+03 9.988678776998560771e-01
6.293465710848135132e+03 9.995659961302807428e-01
6.293485710357513199e+03 9.999367953522877439e-01
6.293505809864440380e+03 9.993384430067315805e-01
6.293525809373817538e+03 9.994718207926204245e-01
6.293545808883197424e+03 9.996757610774898994e-01
6.293565808392574581e+03 9.994690861816573069e-01
6.293585307914218902e+03 9.989556537745203357e-01
6.293605407421145173e+03 9.990887946382247531e-01
6.293625406930525969e+03 9.979328026786461470e-01
6.293645406439903127e+03 9.990027112668311560e-01
6.293665405949283013e+03 1.000239287512492803e+00
6.293685405458661080e+03 9.995772659883193079e-01
6.293705504965589171e+03 9.978889152610449509e-01
6.293725504474965419e+03 9.991574379634665659e-01
6.293745503984344396e+03 9.999961789828545333e-01
6.293765503493723372e+03 9.999755533043943601e-01
6.293785503003104168e+03 1.001160444195068555e+00
6.293805602510028621e+03 1.000908703079683715e+00
6.293825602019406688e+03 1.000432807124107537e+00
6.293845601528785664e+03 1.000149298067240400e+00
6.293865601038166460e+03 1.000558216748177687e+00
6.293885600547544527e+03 1.000402945223913598e+00
6.293905700054469889e+03 1.000914151886716619e+00
6.293925699563847957e+03 1.000957596054498744e+00
6.293945699073226933e+03 1.000404912574007987e+00
6.293965698582607729e+03 1.000448376864721434e+00
6.293985698091984887e+03 9.998893593048275852e-01
6.294005797598910249e+03 9.998621133049014897e-01
6.294025797108291044e+03 1.000540063539986591e+00
