6.323744768052672043e+03 1.000982589218006868e+00
6.323764767562054658e+03 1.002641556555991409e+00
6.323784767071429997e+03 1.000721325732813360e+00
6.323804866578355359e+03 1.001730432984095698e+00
6.323824866087734335e+03 1.001683171841916575e+00
6.323844865597115131e+03 9.990716809541025922e-01
6.323864865106493198e+03 1.001557793435874588e+00
6.323884864615871265e+03 1.002313642219583967e+00
6.323904964122798447e+03 1.000283022543434486e+00
6.323924963632176514e+03 1.003317807465300637e+00
6.323944963141555490e+03 1.003023387255824295e+00
6.323964962650935377e+03 1.000345628285143951e+00
6.323984962160311625e+03 1.000687532584917161e+00
6.324005061667240625e+03 1.001176940860141418e+00
6.324025061176619602e+03 1.001901367215771277e+00
6.324045060685997669e+03 1.003131714541229735e+00
6.324065060195375736e+03 1.001171331584376434e+00
6.324084559717020056e+03 1.001626890889357080e+00
6.324104659223945418e+03 1.001696376461811200e+00
6.324124658733325305e+03 1.001581352838953443e+00
6.324144658242705191e+03 1.001565048516292800e+00
6.324164657752083258e+03 9.980887520635944865e-01
6.324184657261461325e+03 9.993062226273629056e-01
6.324204756768386687e+03 1.000060380341081911e+00
6.324224756277766573e+03 9.980466632790732096e-01
6.324244755787145550e+03 9.978335065868547682e-01
6.324264755296523617e+03 9.967266180472018622e-01
6.324284754805904413e+03 9.940421785947985978e-01
6.324304854312827956e+03 9.997512382851122537e-01
6.324324853822205114e+03 1.005268540732080274e+00
6.324344853331587728e+03 9.993863969532927882e-01
6.324364852840967615e+03 9.978856989539482969e-01
6.324384852350343863e+03 9.952088303868315000e-01
6.324404951857271044e+03 9.926428703986577284e-01
6.324424951366650930e+03 9.958853945878004543e-01
6.324444950876027178e+03 9.954633774422407821e-01
6.324464950385407974e+03 9.922708349793021299e-01
6.324484949894785132e+03 9.933576074700233294e-01
6.324505049401712313e+03 9.924122387132304768e-01
6.324525048911090380e+03 9.910060447120961902e-01
6.324545048420469357e+03 9.920064325643950243e-01
6.324565047929848333e+03 9.923112566317616734e-01
6.324584547451492654e+03 9.894502006944202455e-01
6.324604646958418925e+03 9.902283884968964278e-01
6.324624646467797902e+03 9.905517681984987721e-01
6.324644645977176879e+03 9.907459118384280838e-01
6.324664645486554946e+03 9.909215620453333262e-01
6.324684644995933922e+03 9.907712652113898066e-01
6.324704744502860194e+03 9.898149842731247539e-01
6.324724744012240080e+03 9.878881390758770253e-01
6.324744743521618147e+03 9.881378036247113750e-01
6.324764743030996215e+03 9.887746338442203742e-01
6.324784742540375191e+03 9.859635931198382774e-01
6.324804842047302373e+03 9.860653509944965478e-01
6.324824841556680440e+03 9.861799385510656712e-01
6.324844841066060326e+03 9.870132980388108823e-01
6.324864840575439302e+03 9.912619008585666913e-01
6.324884840084816460e+03 9.923094660942693990e-01
6.324904939591741822e+03 9.913725340994236079e-01
6.324924939101122618e+03 9.920759657766263784e-01
6.324944938610499776e+03 9.929081785606044264e-01
6.324964938119880571e+03 9.940410301926571046e-01
6.324984937629256819e+03 9.961865012175403766e-01
6.325005037136183091e+03 9.969375987784906412e-01
6.325025036645562068e+03 9.935955513857678278e-01
6.325045036154942864e+03 9.959367086612038733e-01
6.325065035664320931e+03 9.977680569544500333e-01
6.325084535185965251e+03 9.977612923763965469e-01
6.325104634692889704e+03 9.987448952760316079e-01
6.325124634202270499e+03 9.987658438738939992e-01
6.325144633711648567e+03 9.969714034358798660e-01
6.325164633221025724e+03 9.987831994590370410e-01
6.325184632730404701e+03 1.000202156662814978e+00
6.325204732237332792e+03 9.999771236059770141e-01
6.325224731746711768e+03 1.001763436866109247e+00
6.325244731256090745e+03 1.001207852871992321e+00
6.325264730765468812e+03 9.998250005887322489e-01
6.325284730274848698e+03 9.986017965119119433e-01
6.325304829781774060e+03 1.001643013035699914e+00
6.325324829291152128e+03 1.002460093049543088e+00
6.325344828800529285e+03 9.981923582753527979e-01
6.325364828309910990e+03 9.989912706793293573e-01
6.325384827819289967e+03 1.000659703874409168e+00
6.325404927326212601e+03 9.992100900056950508e-01
6.325424926835594306e+03 1.002261976254498643e+00
6.325444926344972373e+03 1.002282497497762659e+00
6.325464925854349531e+03 9.984278716616853400e-01
6.325484925363730326e+03 1.000554509459890884e+00
6.325505024870656598e+03 1.000947999340417560e+00
6.325525024380032846e+03 9.994142410255234532e-01
6.325545023889412732e+03 1.002886238216476045e+00
6.325565023398794438e+03 1.001548398091371306e+00
6.325584522920436939e+03 9.985619298050226744e-01
6.325604622427362301e+03 9.996221814378609682e-01
6.325624621936742187e+03 1.000890715062438208e+00
6.325644621446120254e+03 1.000807410837803113e+00
6.325664620955499231e+03 1.001506835362257375e+00
6.325684620464878208e+03 1.001129998929523701e+00
6.325704719971804479e+03 9.992793214593346240e-01
6.325724719481182547e+03 1.000039811151112401e+00
6.325744718990562433e+03 1.001637490385462792e+00
6.325764718499940500e+03 1.002556437764059005e+00
