6.328932117859098980e+03 9.986989247049723462e-01
6.328952116634063714e+03 9.980352511080194944e-01
6.328972215402901384e+03 1.000371552054035940e+00
6.328992214177866117e+03 9.992609325328457581e-01
6.329012212952829941e+03 9.983466856113852872e-01
6.329032211727794675e+03 9.974053381759548920e-01
6.329052210502759408e+03 1.000764247975306276e+00
6.329072309271597987e+03 9.997213559301990626e-01
6.329092308046561811e+03 9.976625904476336126e-01
6.329112306821524726e+03 1.001170558723254000e+00
6.329132305596492188e+03 1.001082503316112593e+00
6.329152304371456012e+03 1.000865772836339929e+00
6.329172403140294591e+03 1.000459447257791679e+00
6.329192401915256596e+03 1.000310433546122368e+00
6.329212400690220420e+03 1.000987656043935026e+00
6.329232399465187882e+03 1.000235892147156802e+00
6.329252398240151706e+03 9.990913109624276478e-01
6.329272497008993014e+03 9.959826991446223410e-01
6.329292495783955928e+03 9.972491291907106259e-01
6.329312494558918843e+03 9.973439037666543827e-01
6.329332493333883576e+03 9.985900418488051766e-01
6.329352492108848310e+03 9.966800882462613087e-01
6.329372590877686889e+03 9.967139391084396394e-01
6.329392589652653442e+03 9.950680883235679675e-01
6.329412088458241669e+03 9.917152765953927140e-01
6.329432087233206403e+03 9.936996695673298019e-01
6.329452086008169317e+03 9.922163170926419085e-01
6.329472184777010625e+03 9.885588326293899275e-01
6.329492183551973540e+03 9.892699045861158558e-01
6.329512182326940092e+03 9.873394654355014399e-01
6.329532181101903006e+03 9.825778127822871744e-01
6.329552179876867740e+03 9.821103181364123635e-01
6.329572278645704500e+03 9.816360769942711340e-01
6.329592277420670143e+03 9.807350775538491439e-01
6.329612276195633967e+03 9.726068922047897969e-01
6.329632274970600520e+03 9.784047165233281662e-01
6.329652273745561615e+03 9.764537921449656377e-01
6.329672372514400195e+03 9.753698817674822941e-01
6.329692371289367657e+03 9.765211925463277431e-01
6.329712370064328752e+03 9.767038958167030271e-01
6.329732368839295304e+03 9.761347282299802641e-01
6.329752367614258219e+03 9.792436605498886504e-01
6.329772466383098617e+03 9.797380101562499499e-01
6.329792465158062441e+03 9.757142284075278615e-01
6.329812463933028084e+03 9.769333260798440666e-01
6.329832462707990999e+03 9.765334871573687625e-01
6.329852461482955732e+03 9.757136605212136660e-01
6.329872560251794312e+03 9.760657496479210327e-01
6.329892559026758136e+03 9.779080904132537722e-01
6.329912057832348182e+03 9.798248051908798884e-01
6.329932056607314735e+03 9.816062289906378746e-01
6.329952055382277649e+03 9.874453838518061355e-01
6.329972154151118048e+03 9.886307884663790846e-01
6.329992152926080962e+03 9.866661601716969487e-01
6.330012151701046605e+03 9.911709357462962222e-01
6.330032150476007700e+03 9.924105506033803481e-01
6.330052149250973343e+03 9.908184979420965321e-01
6.330072248019812832e+03 9.935011098882011726e-01
6.330092246794778475e+03 9.955062789868185380e-01
6.330112245569742299e+03 9.956146146835312960e-01
6.330132244344707033e+03 9.970507630569956925e-01
6.330152243119670857e+03 9.969829711373440206e-01
6.330172341888509436e+03 9.978297881493096710e-01
6.330192340663474170e+03 9.967051496847141312e-01
6.330212339438438903e+03 9.969557662557703148e-01
6.330232338213403636e+03 9.967592509474897389e-01
6.330252336988367460e+03 9.946861073136177289e-01
6.330272435757206040e+03 9.975450728494446029e-01
6.330292434532169864e+03 9.997197771093287999e-01
6.330312433307133688e+03 9.974975621831589923e-01
6.330332432082100240e+03 9.976939939639458688e-01
6.330352430857063155e+03 9.983104814908757563e-01
6.330372529625903553e+03 9.964947513395723266e-01
6.330392528400865558e+03 9.995638405335587340e-01
6.330412027206454695e+03 9.992926348319564056e-01
6.330432025981421248e+03 1.000234360700337444e+00
6.330452024756385072e+03 9.982288531758116701e-01
6.330472123525224561e+03 9.988996052351584165e-01
6.330492122300190204e+03 9.998684489007875209e-01
6.330512121075153118e+03 9.987030496547938396e-01
