6.357424141841808705e+03 9.999125391588037370e-01
6.357444141351185863e+03 9.995464142671135477e-01
6.357464140860566658e+03 1.000087263666258330e+00
6.357484140369943816e+03 1.000944298108471520e+00
6.357504239876870088e+03 1.001132852357739855e+00
6.357524239386248155e+03 9.996212520207433672e-01
6.357544238895629860e+03 1.000287300111641686e+00
6.357564238405007018e+03 1.001096472762468048e+00
6.357583737926653157e+03 1.000319738447539075e+00
6.357603837433579429e+03 9.994643771832251167e-01
6.357623836942958405e+03 9.997366452831851769e-01
6.357643836452336473e+03 9.995615390911857245e-01
6.357663835961714540e+03 9.980623291629351357e-01
6.357683835471092607e+03 9.998972578517687504e-01
6.357703934978017060e+03 1.000246812046379885e+00
6.357723934487398765e+03 1.000709841992753146e+00
6.357743933996775922e+03 1.001596251691838857e+00
6.357763933506154899e+03 9.998825693581178120e-01
6.357783933015534785e+03 9.988845933071327510e-01
6.357804032522461966e+03 9.984052768985650639e-01
6.357824032031840034e+03 9.982302831471058235e-01
6.357844031541219920e+03 9.981208899045027616e-01
6.357864031050597077e+03 9.978207138745788241e-01
6.357884030559975145e+03 9.985817973244455192e-01
6.357904130066901416e+03 9.986987621450409414e-01
6.357924129576281302e+03 9.960318639192488055e-01
6.357944129085659370e+03 9.965663989012324420e-01
6.357964128595037437e+03 9.965822781003523811e-01
6.357984128104418232e+03 9.970034956159012918e-01
6.358004227611342685e+03 9.980443995001783142e-01
6.358024227120721662e+03 9.950144475443158942e-01
6.358044226630100638e+03 9.952687918156509772e-01
6.358064226139478706e+03 9.950641995762735670e-01
6.358083725661124845e+03 9.941751945720124217e-01
6.358103825168049298e+03 9.947571278908563519e-01
6.358123824677428274e+03 9.941294689509182492e-01
6.358143824186806341e+03 9.953193736963632521e-01
6.358163823696187137e+03 9.966104888483142688e-01
6.358183823205565204e+03 9.936172607924920186e-01
6.358203922712490566e+03 9.960998326713974560e-01
6.358223922221869543e+03 9.949419664168228650e-01
6.358243921731247610e+03 9.935994920114195050e-01
6.358263921240627496e+03 9.948963864480269148e-01
6.358283920750006473e+03 9.943642342296579173e-01
6.358304020256932745e+03 9.954701810611283896e-01
6.358324019766310812e+03 9.959686150698553453e-01
6.358344019275689789e+03 9.951565134690092407e-01
6.358364018785069675e+03 9.951903085320096265e-01
6.358384018294446832e+03 9.956648717950508098e-01
6.358404117801374923e+03 9.960022197385991483e-01
6.358424117310752081e+03 9.958989938048968815e-01
6.358444116820131057e+03 9.946463295413978667e-01
6.358464116329510034e+03 9.948111587178369852e-01
6.358484115838889920e+03 9.956727375388781942e-01
6.358504215345816192e+03 9.967424878574864255e-01
6.358524214855194259e+03 9.971513655388670738e-01
6.358544214364575964e+03 9.977983946004916893e-01
6.358564213873952212e+03 9.974867282656377787e-01
6.358583713395596533e+03 9.979262468302195765e-01
6.358603812902522805e+03 1.000293657012329529e+00
6.358623812411900872e+03 9.976361918319376354e-01
6.358643811921279848e+03 1.000396549504278365e+00
6.358663811430658825e+03 1.001591005608160723e+00
6.358683810940037802e+03 1.000112483698615495e+00
6.358703910446964073e+03 9.996875223081864714e-01
6.358723909956342141e+03 9.994592159484818605e-01
6.358743909465723846e+03 9.995344945454646135e-01
6.358763908975100094e+03 9.999371319519160251e-01
6.358783908484479070e+03 1.000184990968054022e+00
6.358804007991404433e+03 9.990399617207688099e-01
6.358824007500783409e+03 9.994306699771519087e-01
6.358844007010163295e+03 1.000321247684507586e+00
6.358864006519542272e+03 1.001455747237211202e+00
6.358884006028920339e+03 9.989007112942106525e-01
6.358904105535845702e+03 9.979106618044242261e-01
6.358924105045224678e+03 9.984500968626814910e-01
6.358944104554602745e+03 1.000334202517397797e+00
6.358964104063982631e+03 9.987375186501429303e-01
6.358984103573361608e+03 9.993423075480259987e-01
6.359004203080286970e+03 9.992448358397321151e-01
6.359024202589665947e+03 9.987965609285730517e-01
6.359044202099044924e+03 1.000269822403013320e+00
6.359064201608422991e+03 9.997323126344559441e-01
