6.366549913560826099e+03 9.990573682579860781e-01
6.366570012329666497e+03 9.989197322791002476e-01
6.366590011104628502e+03 9.996859585376453028e-01
6.366610009879594145e+03 9.996341403026357542e-01
6.366630008654558878e+03 9.971480667170627976e-01
6.366650007429522702e+03 9.974129283691903769e-01
6.366670106198361282e+03 9.984033639289989770e-01
6.366690104973326925e+03 9.966694161985432121e-01
6.366710103748289839e+03 9.977258635879426851e-01
6.366730102523256392e+03 9.968363184277956313e-01
6.366750101298218397e+03 9.962634231235047988e-01
6.366770200067057885e+03 9.954200312288715713e-01
6.366790198842021709e+03 9.922944168132618037e-01
6.366810197616987352e+03 9.914841361198509784e-01
6.366830196391950267e+03 9.887478160395064553e-01
6.366850195166916819e+03 9.862885955424092188e-01
6.366870293935753580e+03 9.844955642081675284e-01
6.366890292710720132e+03 9.831247716381109614e-01
6.366909791516308360e+03 9.784300438259742050e-01
6.366929790291274003e+03 9.766042560400580719e-01
6.366949789066237827e+03 9.741519299841856494e-01
6.366969887835076406e+03 9.706707019346327847e-01
6.366989886610040230e+03 9.676710865273957518e-01
6.367009885385005873e+03 9.617102242319609529e-01
6.367029884159970607e+03 9.620414122527164436e-01
6.367049882934934431e+03 9.619966654492408953e-01
6.367069981703772100e+03 9.600722501105992679e-01
6.367089980478737743e+03 9.594735448548077361e-01
6.367109979253702477e+03 9.590858931845298585e-01
6.367129978028664482e+03 9.595160166585663397e-01
6.367149976803630125e+03 9.615354772218784873e-01
6.367170075572470523e+03 9.646561480795410315e-01
6.367190074347433438e+03 9.642156951655534991e-01
6.367210073122397262e+03 9.657668104138823484e-01
6.367230071897361995e+03 9.679443633826706472e-01
6.367250070672327638e+03 9.700757023549068103e-01
6.367270169441167127e+03 9.722860616126826061e-01
6.367290168216130041e+03 9.775627466654582820e-01
6.367310166991093865e+03 9.801488866883795170e-01
6.367330165766057689e+03 9.841922543668703005e-01
6.367350164541024242e+03 9.872200478864151529e-01
6.367370263309861002e+03 9.880651211450977023e-01
6.367390262084825736e+03 9.895300545660641323e-01
6.367409760890417601e+03 9.918985997179118330e-01
6.367429759665382335e+03 9.936271979982703728e-01
6.367449758440342521e+03 9.957711504892536869e-01
6.367469857209184738e+03 9.986007149301062702e-01
6.367489855984147653e+03 9.984434463168045948e-01
6.367509854759114205e+03 9.968620176777317488e-01
6.367529853534078939e+03 9.970608109614629289e-01
6.367549852309040944e+03 9.979584776364882615e-01
6.367569951077881342e+03 9.986912336230991949e-01
6.367589949852846075e+03 9.992130558676440844e-01
6.367609948627809899e+03 1.001132570415674605e+00
6.367629947402773723e+03 1.000797277429819276e+00
6.367649946177737547e+03 9.997170078104008484e-01
