6.374983711076471081e+03 9.998859354853879555e-01
6.375003810583395534e+03 1.000748246137719732e+00
6.375023810092772692e+03 1.000365181406140724e+00
6.375043809602153488e+03 1.002874934849093513e+00
6.375063809111529736e+03 1.001667930600701029e+00
6.375083308633175875e+03 1.001717146460678221e+00
6.375103408140101237e+03 1.002341170810543636e+00
6.375123407649481123e+03 1.001308644163775297e+00
6.375143407158859191e+03 1.003195595117112981e+00
6.375163406668238167e+03 1.002180324268891809e+00
6.375183406177615325e+03 1.003260491752676398e+00
6.375203505684543416e+03 1.003803684304439114e+00
6.375223505193920573e+03 1.003449700382289089e+00
6.375243504703300459e+03 1.003634563626038423e+00
6.375263504212678527e+03 1.001047538814292537e+00
6.375283503722059322e+03 1.001870838215806803e+00
6.375303603228984684e+03 1.001763520778464533e+00
6.375323602738362752e+03 1.000499537159023067e+00
6.375343602247740819e+03 9.976041034037075317e-01
6.375363601757121614e+03 9.916736172104613223e-01
6.375383601266499682e+03 9.910224377049248190e-01
6.375403700773425953e+03 9.952095777195912873e-01
6.375423700282804930e+03 9.965613393239484141e-01
6.375443699792182997e+03 9.958227815723523779e-01
6.375463699301560155e+03 9.940380982645951047e-01
6.375483698810940950e+03 9.898607893969111338e-01
6.375503798317867222e+03 9.880690807412230159e-01
6.375523797827246199e+03 9.839705047386242409e-01
6.375543797336624266e+03 9.794641009504029272e-01
6.375563796846003243e+03 9.749495652602214735e-01
6.375583296367647563e+03 9.699148323309734199e-01
6.375603395874574744e+03 9.612242305942629850e-01
6.375623395383952811e+03 9.568430614406744361e-01
6.375643394893330878e+03 9.506284688366369862e-01
6.375663394402709855e+03 9.454061273948817234e-01
6.375683393912090651e+03 9.413299507187117277e-01
6.375703493419014194e+03 9.379187742138269668e-01
6.375723492928393171e+03 9.391964239312585727e-01
6.375743492437773057e+03 9.382933463259848228e-01
6.375763491947151124e+03 9.410636803326752897e-01
6.375783491456530101e+03 9.428326486292406550e-01
6.375803590963456372e+03 9.439074805458641526e-01
6.375823590472835349e+03 9.481212609235795119e-01
6.375843589982213416e+03 9.508318929404937503e-01
6.375863589491593302e+03 9.552561689857822502e-01
6.375883589000970460e+03 9.565288972769123710e-01
6.375903688507896732e+03 9.572895165597042899e-01
6.375923688017277527e+03 9.591542792768115167e-01
6.375943687526654685e+03 9.625744018945554537e-01
6.375963687036034571e+03 9.647192779182646172e-01
6.375983686545411729e+03 9.677226609875352326e-01
6.376003786052338910e+03 9.707228511063019649e-01
6.376023785561716977e+03 9.741256398745622436e-01
6.376043785071095954e+03 9.775182989616236773e-01
6.376063784580474930e+03 9.788823479449362264e-01
6.376083284102119251e+03 9.797554296095692949e-01
6.376103383609044613e+03 9.798486684668141766e-01
6.376123383118426318e+03 9.804086950484617313e-01
6.376143382627804385e+03 9.810578793274526976e-01
6.376163382137180633e+03 9.818259219126698190e-01
6.376183381646561429e+03 9.840111818704376789e-01
6.376203481153488610e+03 9.840818867395414449e-01
6.376223480662864858e+03 9.869390335394059299e-01
6.376243480172246564e+03 9.893823303418770587e-01
6.376263479681624631e+03 9.912453087807738816e-01
6.376283479191003607e+03 9.927649562558926721e-01
6.376303578697928970e+03 9.940075728473237726e-01
6.376323578207307037e+03 9.980763531813948708e-01
6.376343577716684194e+03 9.994860035417162392e-01
6.376363577226064081e+03 9.992386491792339953e-01
6.376383576735443967e+03 9.997281156617385811e-01
6.376403676242369329e+03 1.002204592773063840e+00
6.376423675751748306e+03 1.002528559542765318e+00
6.376443675261128192e+03 1.002715892730148273e+00
6.376463674770506259e+03 1.002135881823460251e+00
6.376483674279883417e+03 1.003061084745430431e+00
6.376503773786811507e+03 1.004166583508900423e+00
6.376523773296188665e+03 1.003991341298409390e+00
6.376543772805569461e+03 1.004518715366695236e+00
6.376563772314947528e+03 1.003741849537404196e+00
6.376583271836592758e+03 1.002642477423381751e+00
6.376603371343518120e+03 1.001210453955753366e+00
6.376623370852898006e+03 1.000008922446680160e+00
6.376643370362276073e+03 9.994865222748502420e-01
