6.378391155152306055e+03 1.000960681341437564e+00
6.378411254683266634e+03 1.001756042877350206e+00
6.378431254216562593e+03 9.967764041367723760e-01
6.378451253749856733e+03 9.905618547430822263e-01
6.378471253283152691e+03 9.891624519882502575e-01
6.378491252816445012e+03 9.927443131444748659e-01
6.378511352347408319e+03 9.865427073543450165e-01
6.378531351880701550e+03 9.894652920128637064e-01
6.378551351413998418e+03 9.886638223722314933e-01
6.378571350947293467e+03 9.840106192171372834e-01
6.378591350480587607e+03 9.811615718917899853e-01
6.378610950023215992e+03 9.821093922787905717e-01
6.378630949556511041e+03 9.833158246131487035e-01
6.378650949089808819e+03 9.742992604463736050e-01
6.378670948623103868e+03 9.701906007578896540e-01
6.378690948156398008e+03 9.566386609832393528e-01
6.378711047687359496e+03 9.509016812387128814e-01
6.378731047220653636e+03 9.504937731060111306e-01
6.378751046753948685e+03 9.423038094005443677e-01
6.378771046287242825e+03 9.316181410639408078e-01
6.378791045820537875e+03 9.240040762668514374e-01
6.378811145351499363e+03 9.141918353168909661e-01
6.378831144884794412e+03 9.000654367903990760e-01
6.378851144418090371e+03 8.850611749662594674e-01
6.378871143951384511e+03 8.716080233165939273e-01
6.378891143484679560e+03 8.551981957378278487e-01
6.378911243015640139e+03 8.419484637119061254e-01
6.378931242548937007e+03 8.258052266976250166e-01
6.378951242082231147e+03 8.135260418151494255e-01
6.378971241615525287e+03 8.041008209508929694e-01
6.378991241148821246e+03 7.978413518234174218e-01
6.379011340679780005e+03 7.973611930900790234e-01
6.379031340213077783e+03 7.975535633525382417e-01
6.379051339746371923e+03 7.981494211048815179e-01
6.379071339279667882e+03 8.030736334234848117e-01
6.379091338812963841e+03 8.053012925699025715e-01
6.379110938355590406e+03 8.060403119150761908e-01
6.379130937888885455e+03 8.082666468480369515e-01
6.379150937422182324e+03 7.971351505935442283e-01
6.379170936955476463e+03 7.915675165650911671e-01
6.379190936488771513e+03 7.858858054068621479e-01
6.379211036019733911e+03 7.856311181192777715e-01
6.379231035553026231e+03 7.923909932103585518e-01
6.379251035086321281e+03 8.074016706442542768e-01
6.379271034619617240e+03 8.312870129277802889e-01
6.379291034152911379e+03 8.506472370619755363e-01
6.379311133683871958e+03 8.713009857650977352e-01
6.379331133217167917e+03 8.923828340885864296e-01
6.379351132750464785e+03 9.079706401396420157e-01
6.379371132283759835e+03 9.214571648459003450e-01
6.379391131817052155e+03 9.436033545538440315e-01
6.379411231348013644e+03 9.551630716482749639e-01
6.379431230881310512e+03 9.627588055392195532e-01
6.379451230414605561e+03 9.724685235794056082e-01
6.379471229947899701e+03 9.807660233867508959e-01
6.379491229481192931e+03 9.846196352206646463e-01
6.379511329012157148e+03 9.848282219077386657e-01
6.379531328545451288e+03 9.968415193775096439e-01
6.379551328078744518e+03 9.973990522927170810e-01
6.379571327612041387e+03 1.006468735323768016e+00
6.379591327145335526e+03 1.002927971154260245e+00
6.379610926687963001e+03 9.989905167005060926e-01
6.379630926221258960e+03 1.002068462148250072e+00
6.379650925754554009e+03 1.006683439795261092e+00
6.379670925287849968e+03 1.002114572980078666e+00
6.379690924821143199e+03 1.003049253054016932e+00
6.379711024352106506e+03 9.989631903002367252e-01
6.379731023885401555e+03 9.970486570416213779e-01
6.379751023418695695e+03 9.986253958190242086e-01
