6.384183185398116620e+03 1.000277234147621597e+00
6.384203284905039254e+03 9.997693441846047246e-01
6.384223284414420050e+03 1.000140297785298227e+00
6.384243283923797208e+03 1.002419325573079556e+00
6.384263283433177094e+03 1.001824441525060339e+00
6.384283282942556980e+03 9.997347265545760697e-01
6.384303382449482342e+03 9.999598877072646275e-01
6.384323381958860409e+03 1.001063542967282505e+00
6.384343381468240295e+03 1.000085046908485209e+00
6.384363380977620182e+03 9.999673399559676490e-01
6.384383380486997339e+03 1.000780048419949608e+00
6.384403479993922701e+03 1.001400478574123509e+00
6.384423479503302588e+03 9.992128203180303814e-01
6.384443479012678836e+03 9.992463579696065912e-01
6.384463478522060541e+03 9.988264296387933117e-01
6.384483478031438608e+03 9.977438384400978411e-01
6.384503577538364880e+03 9.988758047715698973e-01
6.384523577047743856e+03 9.951834920304486465e-01
6.384543576557122833e+03 9.933340974288709102e-01
6.384563576066500900e+03 9.947860759540578801e-01
6.384583075588146130e+03 9.943622330223178540e-01
6.384603175095071492e+03 9.912344556646216498e-01
6.384623174604450469e+03 9.936567160596493364e-01
6.384643174113828536e+03 9.931327588803241513e-01
6.384663173623209332e+03 9.908309534273859187e-01
6.384683173132585580e+03 9.938395985807881861e-01
6.384703272639512761e+03 9.936698076070908936e-01
6.384723272148891738e+03 9.906480508399134743e-01
6.384743271658270714e+03 9.916347139090152529e-01
6.384763271167648782e+03 9.916047834816923423e-01
6.384783270677029577e+03 9.910056639867240724e-01
6.384803370183954030e+03 9.919163352787833121e-01
6.384823369693332097e+03 9.916018319940687054e-01
6.384843369202712893e+03 9.922803727305363752e-01
6.384863368712092779e+03 9.928775392326661953e-01
6.384883368221469027e+03 9.932191551025500997e-01
6.384903467728394389e+03 9.937810640696297382e-01
6.384923467237774275e+03 9.961777940543984355e-01
6.384943466747154162e+03 9.961185863314324651e-01
6.384963466256531319e+03 9.962335354663381937e-01
6.384983465765912115e+03 9.969231303406913547e-01
6.385003565272837477e+03 9.988196395486864665e-01
6.385023564782214635e+03 1.000188060927225786e+00
6.385043564291594521e+03 9.985036263144319024e-01
6.385063563800973498e+03 9.971501777862342708e-01
6.385083063322616908e+03 9.987404494948269873e-01
6.385103162829544999e+03 1.000810368199229083e+00
6.385123162338922157e+03 9.990102517610841559e-01
6.385143161848300224e+03 9.994034615397384691e-01
6.385163161357681929e+03 1.001159986654140077e+00
6.385183160867058177e+03 9.992789545657052575e-01
6.385203260373986268e+03 9.994513503940093413e-01
6.385223259883362516e+03 1.000140267649165748e+00
6.385243259392744221e+03 9.999242785999757910e-01
6.385263258902120469e+03 1.000502890228447184e+00
6.385283258411500356e+03 9.999157399162955651e-01
