6.395408045840438717e+03 1.000023466702539832e+00
6.395428044615404360e+03 9.980600563381173407e-01
6.395448043390368184e+03 1.000391654332070557e+00
6.395468142159207673e+03 1.001085578388169139e+00
6.395488140934173316e+03 9.990392977315237788e-01
6.395508139709136231e+03 1.001944471034313944e+00
6.395528138484100054e+03 1.001746224132757268e+00
6.395548137259064788e+03 9.996935397053944294e-01
6.395568236027905186e+03 9.973158542784479330e-01
6.395588234802868101e+03 9.994882228508114030e-01
6.395608233577831925e+03 9.994875122781939902e-01
6.395628232352797568e+03 9.988240331357287616e-01
6.395648231127760482e+03 1.000142490473188372e+00
6.395668329896599062e+03 9.989692080293320897e-01
6.395688328671563795e+03 9.965659175505999778e-01
6.395708327446527619e+03 1.000019312259832205e+00
6.395728326221491443e+03 1.001478011150659153e+00
6.395748324996457086e+03 9.989727260763381356e-01
6.395768423765298394e+03 1.001827156826374354e+00
6.395788422540262218e+03 1.003572678540849417e+00
6.395808421315226951e+03 9.995760572759854190e-01
6.395828420090188956e+03 1.000563182797597817e+00
6.395848418865153690e+03 1.000664448589614119e+00
6.395868517633994088e+03 9.978850537919287111e-01
6.395888516408957003e+03 1.001287645974515694e+00
6.395908015214546140e+03 1.002535965954372665e+00
6.395928013989511783e+03 1.000763490312551518e+00
6.395948012764474697e+03 1.001776149196690557e+00
6.395968111533316915e+03 1.001762732475204087e+00
6.395988110308278920e+03 9.987728981928334360e-01
6.396008109083243653e+03 9.994668899284792074e-01
6.396028107858207477e+03 9.998740821631469933e-01
6.396048106633174029e+03 9.994272256483581751e-01
6.396068205402012609e+03 1.000815980082725209e+00
6.396088204176976433e+03 9.996170384040615753e-01
6.396108202951939347e+03 9.991892936420595506e-01
6.396128201726904081e+03 9.949500852117673100e-01
6.396148200501869724e+03 9.943183502781941518e-01
6.396168299270707394e+03 9.931129988612715787e-01
6.396188298045673037e+03 9.886569750334659457e-01
6.396208296820635951e+03 9.884267443445740042e-01
6.396228295595602503e+03 9.850733207800547175e-01
6.396248294370565418e+03 9.775130893285499667e-01
6.396268393139403997e+03 9.752686572894810890e-01
6.396288391914368731e+03 9.716856392131918430e-01
6.396308390689333464e+03 9.676882703622637916e-01
6.396328389464297288e+03 9.680443243714108581e-01
6.396348388239262022e+03 9.668259859922511135e-01
6.396368487008100601e+03 9.641097451029173593e-01
6.396388485783064425e+03 9.650394580140830847e-01
6.396407984588654472e+03 9.666447079186480940e-01
6.396427983363621024e+03 9.663505956379940809e-01
6.396447982138582120e+03 9.682237264423058098e-01
6.396468080907422518e+03 9.709000665226510396e-01
6.396488079682385433e+03 9.728816078594713090e-01
6.396508078457351985e+03 9.758894440198517817e-01
6.396528077232313990e+03 9.771762265239258838e-01
6.396548076007278723e+03 9.755116601676152577e-01
6.396568174776117303e+03 9.721323697239291350e-01
6.396588173551082946e+03 9.744581974521870915e-01
6.396608172326047679e+03 9.751712919885192621e-01
6.396628171101012413e+03 9.728245963502402116e-01
6.396648169875975327e+03 9.768716136719247656e-01
6.396668268644814816e+03 9.776931306692282497e-01
6.396688267419782278e+03 9.753209105125207889e-01
6.396708266194742464e+03 9.765248837489738376e-01
6.396728264969708107e+03 9.774866296978310665e-01
6.396748263744671021e+03 9.747510045531270206e-01
6.396768362513511420e+03 9.782627120237828988e-01
6.396788361288474334e+03 9.822907960164906083e-01
6.396808360063439977e+03 9.827234791955996585e-01
6.396828358838403801e+03 9.837745365293733002e-01
6.396848357613369444e+03 9.838119843586846658e-01
6.396868456382208933e+03 9.846144620657146795e-01
6.396888455157171848e+03 9.826820246739657039e-01
6.396907953962760985e+03 9.830890825942202316e-01
6.396927952737726628e+03 9.843314251059408493e-01
6.396947951512690452e+03 9.836931103239408003e-01
6.396968050281530850e+03 9.868608065552698649e-01
6.396988049056493765e+03 9.871787832030658461e-01
6.397008047831458498e+03 9.856989385223596800e-01
6.397028046606421412e+03 9.888602966809597605e-01
6.397048045381388874e+03 9.882602413086257753e-01
6.397068144150227454e+03 9.843577632860246451e-01
6.397088142925191278e+03 9.866839888175218398e-01
6.397108141700155102e+03 9.864473112385774289e-01
6.397128140475119835e+03 9.864656502416624395e-01
6.397148139250083659e+03 9.874211906484002821e-01
6.397168238018922239e+03 9.877328387985814251e-01
6.397188236793888791e+03 9.866227056859057098e-01
6.397208235568849886e+03 9.856719506385435148e-01
6.397228234343813710e+03 9.850272166192749479e-01
6.397248233118779353e+03 9.863653177551913176e-01
6.397268331887618842e+03 9.889658576480969687e-01
6.397288330662582666e+03 9.902529900496407356e-01
6.397308329437547400e+03 9.899971914938182627e-01
6.397328328212510314e+03 9.912970959382497727e-01
6.397348326987476867e+03 9.925906391948443597e-01
6.397368425756315446e+03 9.929469655105074288e-01
6.397388424531279270e+03 9.909377893274934346e-01
6.397407923336869317e+03 9.950366465495061874e-01
6.397427922111834050e+03 9.979433740501438832e-01
6.397447920886797874e+03 9.957237822265790905e-01
6.397468019655637363e+03 9.978845715017571338e-01
6.397488018430601187e+03 1.000019852489856920e+00
6.397508017205565920e+03 9.986100079406606822e-01
6.397528015980529744e+03 9.988260795646586310e-01
6.397548014755495387e+03 9.984364107297720725e-01
6.397568113524334876e+03 9.982508065787417673e-01
6.397588112299296881e+03 9.985561481242107851e-01
6.397608111074261615e+03 9.989698910316637814e-01
6.397628109849226348e+03 1.000576022663514086e+00
6.397648108624190172e+03 1.000772983297619767e+00
6.397668207393030571e+03 9.988784963088609414e-01
6.397688206167996213e+03 9.986673538797752325e-01
6.397708204942960037e+03 9.962308000263712104e-01
6.397728203717923861e+03 9.988317058293109119e-01
6.397748202492888595e+03 9.991179344217584468e-01
6.397768301261726265e+03 9.999525854496551514e-01
6.397788300036690998e+03 9.998307163879689430e-01
6.397808298811654822e+03 9.993772569451705445e-01
6.397828297586618646e+03 9.972148241369110933e-01
6.397848296361581561e+03 9.999242290900759444e-01
6.397868395130423778e+03 9.986864418851904013e-01
6.397888393905386692e+03 9.961859949039646445e-01
6.397907892710977649e+03 9.976326742140765313e-01
6.397927891485942382e+03 1.000074311550026351e+00
6.397947890260904387e+03 1.001533924210570747e+00
