6.409182572121718295e+03 9.995129129102846566e-01
6.409202671628645476e+03 9.998762749722257537e-01
6.409222671138024452e+03 1.000737120965932814e+00
6.409242670647404339e+03 1.001077385421143662e+00
6.409262670156781496e+03 1.000278207694370813e+00
6.409282669666162292e+03 1.000103706436857642e+00
6.409302769173084926e+03 9.995589848477524075e-01
6.409322768682464812e+03 9.992803903947357069e-01
6.409342768191842879e+03 1.001430930473544256e+00
6.409362767701223675e+03 1.000822656517013964e+00
6.409382767210602651e+03 1.000567190896112013e+00
6.409402866717528923e+03 1.001370034629676997e+00
6.409422866226907900e+03 1.001241802339934983e+00
6.409442865736285967e+03 1.000627778365852816e+00
6.409462865245665853e+03 9.996899106225243248e-01
6.409482864755043920e+03 9.979655610240423247e-01
6.409502964261969282e+03 9.984329703193748351e-01
6.409522963771347349e+03 9.989582604012692268e-01
6.409542963280728145e+03 9.998247290940072141e-01
6.409562962790105303e+03 9.984243036845843466e-01
6.409582462311749623e+03 9.967640016965302330e-01
6.409602561818675895e+03 9.952884120784311062e-01
6.409622561328054871e+03 9.969066246730322600e-01
6.409642560837434758e+03 9.956682174852912182e-01
6.409662560346813734e+03 9.943084094403396023e-01
6.409682559856192711e+03 9.931047604997206291e-01
6.409702659363118983e+03 9.942949647019800885e-01
6.409722658872496140e+03 9.942420158175117040e-01
6.409742658381876026e+03 9.935414635024171215e-01
6.409762657891254094e+03 9.919042264520835372e-01
6.409782657400633070e+03 9.919206942747154088e-01
6.409802756907559342e+03 9.916306552404953178e-01
6.409822756416937409e+03 9.907740600060461755e-01
6.409842755926317295e+03 9.865524653288242352e-01
6.409862755435694453e+03 9.857422094380505762e-01
6.409882754945075249e+03 9.864814636540788495e-01
6.409902854451998792e+03 9.872957983586210240e-01
6.409922853961379587e+03 9.876939042297547822e-01
6.409942853470757655e+03 9.874213508211917567e-01
6.409962852980138450e+03 9.861081545615313360e-01
6.409982852489513789e+03 9.862403200871899811e-01
6.410002951996439151e+03 9.858174212710338891e-01
6.410022951505820856e+03 9.852385034005634035e-01
6.410042951015198923e+03 9.849833415709148277e-01
6.410062950524576991e+03 9.847224051934420075e-01
6.410082450046223130e+03 9.843577269027826704e-01
6.410102549553148492e+03 9.837556712932250536e-01
6.410122549062527469e+03 9.859400423598673191e-01
6.410142548571906445e+03 9.872110024038576181e-01
6.410162548081284513e+03 9.883431947219863956e-01
6.410182547590663489e+03 9.909378483000458315e-01
6.410202647097589761e+03 9.910236296268467582e-01
6.410222646606966919e+03 9.913291279498394060e-01
6.410242646116347714e+03 9.921317308023620551e-01
6.410262645625725781e+03 9.951423885615178211e-01
6.410282645135103849e+03 9.958871213475354311e-01
6.410302744642031030e+03 9.958225512717766570e-01
6.410322744151408187e+03 9.958274063215146743e-01
6.410342743660788983e+03 9.948496595105523754e-01
6.410362743170167960e+03 9.949874653707272421e-01
6.410382742679548755e+03 9.965528946962638468e-01
6.410402842186473208e+03 9.964363025391881346e-01
6.410422841695851275e+03 9.969960031460582961e-01
6.410442841205231161e+03 9.976597234623247878e-01
6.410462840714607410e+03 9.978610611701475008e-01
6.410482840223987296e+03 9.992182945323229148e-01
6.410502939730912658e+03 9.987895872666202601e-01
6.410522939240294363e+03 9.964711034333325612e-01
6.410542938749671521e+03 9.971001133662436011e-01
6.410562938259049588e+03 9.985324182119680314e-01
6.410582437780694818e+03 9.993870863452205544e-01
6.410602537287620180e+03 9.968085902326899728e-01
6.410622536796999157e+03 9.981888344917254630e-01
6.410642536306378133e+03 9.992858769199026714e-01
6.410662535815757110e+03 9.999552568598772950e-01
6.410682535325134268e+03 9.975156365545649884e-01
6.410702634832061449e+03 9.974221701784939942e-01
6.410722634341442244e+03 9.978604031166131705e-01
6.410742633850820312e+03 9.984315320786409931e-01
6.410762633360197469e+03 9.988235136206127240e-01
6.410782632869578265e+03 9.994524005273470735e-01
6.410802732376502718e+03 1.000283451145465685e+00
