6.413102475959979529e+03 9.990291918792264525e-01
6.413122475469360324e+03 9.995621130267319243e-01
6.413142474978737482e+03 9.999794331488502941e-01
6.413162474488118278e+03 1.000217593417050521e+00
6.413182473997495435e+03 9.987279303830028931e-01
6.413202573504422617e+03 9.992260316133697584e-01
6.413222573013801593e+03 1.000238496748451666e+00
6.413242572523180570e+03 1.001718956678055772e+00
6.413262572032557728e+03 1.000593414230153799e+00
6.413282571541938523e+03 1.000097723828338170e+00
6.413302671048862976e+03 9.999890637860611164e-01
6.413322670558242862e+03 1.000741403170974486e+00
6.413342670067620020e+03 1.000794617012146670e+00
6.413362669576999906e+03 1.000686058669694178e+00
6.413382669086378883e+03 1.000461957747753816e+00
6.413402768593305154e+03 1.000457292714564295e+00
6.413422768102683222e+03 9.990257888430600364e-01
6.413442767612060379e+03 9.984089038244907677e-01
6.413462767121442084e+03 1.000397413010963410e+00
6.413482766630820151e+03 9.984172144275638150e-01
6.413502866137746423e+03 9.977598381853922671e-01
6.413522865647125400e+03 9.975300601026051428e-01
6.413542865156504377e+03 9.959659527995885497e-01
6.413562864665882444e+03 9.973997798798235337e-01
6.413582364187527673e+03 9.972803165204680020e-01
6.413602463694453036e+03 9.950808496641495582e-01
6.413622463203832922e+03 9.959196896562527712e-01
6.413642462713210989e+03 9.952914571776282360e-01
6.413662462222589966e+03 9.945246377773825364e-01
6.413682461731968033e+03 9.943585019024638871e-01
6.413702561238892486e+03 9.928061801469413306e-01
6.413722560748273281e+03 9.922184978998720428e-01
6.413742560257650439e+03 9.923354036688092350e-01
6.413762559767031235e+03 9.935784243027346863e-01
6.413782559276409302e+03 9.925114518025125454e-01
6.413802658783335573e+03 9.912423024940604233e-01
6.413822658292711822e+03 9.900541616407526613e-01
6.413842657802093527e+03 9.908351664187545760e-01
6.413862657311472503e+03 9.915006503490483292e-01
6.413882656820850571e+03 9.916002322093830923e-01
6.413902756327776842e+03 9.892399397442133147e-01
6.413922755837155819e+03 9.926364993947601745e-01
6.413942755346533886e+03 9.928688485185408474e-01
6.413962754855912863e+03 9.908205722318382813e-01
6.413982754365290930e+03 9.902504230384492345e-01
6.414002853872216292e+03 9.911235549392723998e-01
6.414022853381595269e+03 9.915637572362780983e-01
6.414042852890976974e+03 9.908492995430439043e-01
6.414062852400355041e+03 9.919418467009816220e-01
6.414082351921999361e+03 9.918110223341384257e-01
6.414102451428924724e+03 9.914659588057909145e-01
6.414122450938303700e+03 9.918252885494409643e-01
6.414142450447681767e+03 9.934257065778041573e-01
6.414162449957061654e+03 9.946219832962859275e-01
6.414182449466439721e+03 9.951717076025501374e-01
6.414202548973365992e+03 9.938799683797732154e-01
6.414222548482745879e+03 9.945970751421195910e-01
6.414242547992123036e+03 9.951352204133879775e-01
6.414262547501502013e+03 9.956040804789518806e-01
6.414282547010881899e+03 9.970945097634709153e-01
6.414302646517807261e+03 9.981634406595122355e-01
6.414322646027185328e+03 9.988515188923067223e-01
6.414342645536567034e+03 9.986219283378989786e-01
6.414362645045944191e+03 9.992060853852394731e-01
6.414382644555322258e+03 1.000119167543450205e+00
6.414402744062247621e+03 1.001228312376599261e+00
6.414422743571629326e+03 1.001096794278033109e+00
6.414442743081005574e+03 1.000971052744505929e+00
6.414462742590386370e+03 1.000735676267684671e+00
6.414482742099765346e+03 1.000292574714774618e+00
6.414502841606689799e+03 1.000530279298758485e+00
6.414522841116067866e+03 1.002031751801860215e+00
6.414542840625449571e+03 1.003348517196381628e+00
6.414562840134825819e+03 1.001318668326165229e+00
6.414582339656470140e+03 1.000437644649965874e+00
6.414602439163396411e+03 1.000542618325999777e+00
6.414622438672776298e+03 1.001397738318016817e+00
6.414642438182155274e+03 1.000216214378019775e+00
6.414662437691534251e+03 1.000569375483734147e+00
6.414682437200909590e+03 1.001003289711059008e+00
6.414702536707837680e+03 1.001148623503790080e+00
6.414722536217216657e+03 1.000301806216270961e+00
6.414742535726596543e+03 1.000337651465812883e+00
