6.417302572924641936e+03 9.999080796968746743e-01
6.417322572434018184e+03 1.001627776710090956e+00
6.417342571943398070e+03 1.001430444079039805e+00
6.417362571452777047e+03 1.000265984134228958e+00
6.417382570962155114e+03 9.979674743145331428e-01
6.417402670469079567e+03 1.000239736228194731e+00
6.417422669978460362e+03 1.000422355427227128e+00
6.417442669487838430e+03 1.000507110496834162e+00
6.417462668997220135e+03 1.001910106543777434e+00
6.417482668506596383e+03 1.001154404360053762e+00
6.417502768013523564e+03 1.001549962831723040e+00
6.417522767522901631e+03 1.002250640927663916e+00
6.417542767032280608e+03 1.001725206930265344e+00
6.417562766541660494e+03 1.002230159186307645e+00
6.417582266063303905e+03 1.001653110746475672e+00
6.417602365570229267e+03 1.000477203050681885e+00
6.417622365079609153e+03 1.001741969104784635e+00
6.417642364588987220e+03 1.002287199609985802e+00
6.417662364098365288e+03 1.002279837143761121e+00
6.417682363607746083e+03 1.001702625728882134e+00
6.417702463114672355e+03 1.001378650469324061e+00
6.417722462624049513e+03 1.001175592106936296e+00
6.417742462133430308e+03 1.001225797451033905e+00
6.417762461642806556e+03 1.001655890329480325e+00
6.417782461152185533e+03 1.004123544272816693e+00
6.417802560659113624e+03 1.004559328546521968e+00
6.417822560168488963e+03 1.004028176471832401e+00
6.417842559677870668e+03 1.002495538201344738e+00
6.417862559187249644e+03 1.002873805137307839e+00
6.417882558696626802e+03 1.002377211053432138e+00
6.417902658203551255e+03 1.001633097326320332e+00
6.417922657712932050e+03 1.002874693925354999e+00
6.417942657222311027e+03 1.001106145139514680e+00
6.417962656731688185e+03 1.000039788381522410e+00
6.417982656241069890e+03 9.996180540124135483e-01
6.418002755747995252e+03 9.978265101076815302e-01
6.418022755257373319e+03 9.980781721431678521e-01
6.418042754766755024e+03 9.970176244589484815e-01
6.418062754276131272e+03 9.940405949756310200e-01
6.418082253797776502e+03 9.954665240328198772e-01
6.418102353304701865e+03 9.947455369869115938e-01
6.418122352814080841e+03 9.943238634477657989e-01
6.418142352323457089e+03 9.952891702598186674e-01
6.418162351832837885e+03 9.931870281953120161e-01
6.418182351342216862e+03 9.936631547127605657e-01
6.418202450849142224e+03 9.945133096842406761e-01
6.418222450358522110e+03 9.940283495646605738e-01
6.418242449867899268e+03 9.932729178258536962e-01
6.418262449377278244e+03 9.934727982667387325e-01
6.418282448886659040e+03 9.937820167003016403e-01
6.418302548393583493e+03 9.920309969281808637e-01
6.418322547902962469e+03 9.922078634198532310e-01
6.418342547412341446e+03 9.924710472044802057e-01
6.418362546921722242e+03 9.927227179416913128e-01
6.418382546431099399e+03 9.927269384406828268e-01
6.418402645938025671e+03 9.924606596005515202e-01
6.418422645447404648e+03 9.922692294909076782e-01
6.418442644956782715e+03 9.920432755684033266e-01
6.418462644466162601e+03 9.905110756166479735e-01
6.418482643975540668e+03 9.908087848033517719e-01
6.418502743482466030e+03 9.918545146111725774e-01
6.418522742991845917e+03 9.936943555213298973e-01
6.418542742501222165e+03 9.914371552694852818e-01
6.418562742010602051e+03 9.915219440125153660e-01
6.418582241532248190e+03 9.924009862405989146e-01
6.418602341039172643e+03 9.937861586428644589e-01
6.418622340548553439e+03 9.943427617768174631e-01
6.418642340057930596e+03 9.943066924094901005e-01
6.418662339567310482e+03 9.939196307872232294e-01
6.418682339076687640e+03 9.931413070694030676e-01
6.418702438583613912e+03 9.939337720461155490e-01
6.418722438092994707e+03 9.945651539756442672e-01
6.418742437602372775e+03 9.949663742150711698e-01
6.418762437111751751e+03 9.945793221981503729e-01
6.418782436621129818e+03 9.950380738065258690e-01
6.418802536128056090e+03 9.944783799902093824e-01
6.418822535637435067e+03 9.933778885562510874e-01
6.418842535146813134e+03 9.958273847018329628e-01
6.418862534656193020e+03 9.955036299503818853e-01
6.418882534165570178e+03 9.953467319560637128e-01
6.418902633672498268e+03 9.957076123949877289e-01
6.418922633181877245e+03 9.957290716698410371e-01
6.418942632691253493e+03 9.956929967858383357e-01
6.418962632200634289e+03 9.958582896119215766e-01
6.418982631710012356e+03 9.963917915447555451e-01
6.419002731216940447e+03 9.960219869675822624e-01
6.419022730726317604e+03 9.975277740920517333e-01
6.419042730235695672e+03 9.984754809323964642e-01
6.419062729745075558e+03 9.968572755239833993e-01
6.419082229266719878e+03 9.972298471051265212e-01
6.419102328773646150e+03 9.982292764177463917e-01
6.419122328283025126e+03 9.992229746886344133e-01
6.419142327792405922e+03 9.991696183612991389e-01
6.419162327301783080e+03 9.988401224557705849e-01
6.419182326811161147e+03 9.991434485539197885e-01
6.419202426318088328e+03 9.993086654044928130e-01
6.419222425827466395e+03 9.968448877158445631e-01
6.419242425336847191e+03 9.979018329495733530e-01
6.419262424846224349e+03 9.988724720098214327e-01
6.419282424355604235e+03 9.998143335131143283e-01
6.419302523862527778e+03 1.000060076387980113e+00
6.419322523371907664e+03 1.000029728205692026e+00
6.419342522881286641e+03 9.997060007288902650e-01
6.419362522390663798e+03 9.997734482256401822e-01
6.419382521900043685e+03 9.997488554119373649e-01
6.419402621406969047e+03 9.996551973142598913e-01
6.419422620916348023e+03 9.987850065819886547e-01
6.419442620425727910e+03 9.968621516199369648e-01
6.419462619935107796e+03 9.995756717644214140e-01
6.419482619444484953e+03 9.998444462411966160e-01
6.419502718951411225e+03 9.995839771117086547e-01
6.419522718460791111e+03 9.991107184377392425e-01
6.419542717970168269e+03 9.992471917233046730e-01
6.419562717479547246e+03 9.987221738338726285e-01
6.419582217001190656e+03 9.980477937501561758e-01
6.419602316508117838e+03 9.973444438726373207e-01
6.419622316017494995e+03 9.985392859243534813e-01
6.419642315526875791e+03 9.998376449113083320e-01
6.419662315036253858e+03 1.000854143264050977e+00
6.419682314545632835e+03 1.000731764839081883e+00
6.419702414052560016e+03 1.001201785454351567e+00
6.419722413561936264e+03 1.000952868019741482e+00
6.419742413071316150e+03 1.000560161756581357e+00
6.419762412580696946e+03 1.000972693539776026e+00
6.419782412090073194e+03 9.989867951678090829e-01
6.419802511596999466e+03 9.987493679864084539e-01
6.419822511106379352e+03 9.994322261038394162e-01
6.419842510615758329e+03 9.991430724579895006e-01
6.419862510125138215e+03 1.000441322666380195e+00
6.419882509634516282e+03 1.001037882402511459e+00
6.419902609141442554e+03 1.000863714042074637e+00
