6.424662192380976194e+03 1.000215619637095710e+00
6.424682191890354261e+03 1.001091093809642674e+00
6.424702291397280533e+03 9.995872899435950254e-01
6.424722290906658600e+03 9.999892290906464698e-01
6.424742290416038486e+03 9.996895082567186508e-01
6.424762289925415644e+03 9.994582670632670141e-01
6.424782289434794620e+03 9.989418724518368542e-01
6.424802388941723621e+03 1.000090616525319387e+00
6.424822388451099869e+03 9.986104449284076701e-01
6.424842387960477936e+03 9.986302306395227202e-01
6.424862387469858731e+03 1.000343608176269550e+00
6.424882386979237708e+03 9.994908882428529262e-01
6.424902486486160342e+03 9.974577350828098821e-01
6.424922485995542047e+03 9.967192939418927367e-01
6.424942485504920114e+03 9.973891034445095949e-01
6.424962485014297272e+03 9.973120378622464255e-01
6.424982484523678067e+03 9.975143041614410455e-01
6.425002584030604339e+03 9.969752564973012321e-01
6.425022583539982406e+03 9.959634514861038790e-01
6.425042583049361383e+03 9.957097958193904530e-01
6.425062582558739450e+03 9.962768573335659683e-01
6.425082082080386499e+03 9.947594049204750988e-01
6.425102181587311861e+03 9.925395634093036046e-01
6.425122181096689928e+03 9.930953098135070212e-01
6.425142180606067996e+03 9.917820529287308950e-01
6.425162180115447882e+03 9.909076611417970692e-01
6.425182179624825949e+03 9.905233392718136853e-01
6.425202279131753130e+03 9.910788063788662505e-01
6.425222278641130288e+03 9.892133609592967947e-01
6.425242278150511083e+03 9.881968893258638031e-01
6.425262277659888241e+03 9.866621800014004906e-01
6.425282277169267218e+03 9.831113147066989910e-01
6.425302376676193489e+03 9.829152290115172885e-01
6.425322376185573376e+03 9.818651509867788452e-01
6.425342375694952352e+03 9.802627823209092428e-01
6.425362375204330419e+03 9.779487645673419216e-01
6.425382374713708487e+03 9.765346947041118053e-01
6.425402474220633849e+03 9.750977380570813313e-01
6.425422473730012825e+03 9.735359426548256812e-01
6.425442473239391802e+03 9.724411719304661972e-01
6.425462472748770779e+03 9.741645753794235807e-01
6.425482472258149755e+03 9.723810696532773079e-01
6.425502571765076027e+03 9.713090469362705148e-01
6.425522571274455913e+03 9.713075219372606650e-01
6.425542570783833071e+03 9.707538926461504181e-01
6.425562570293212957e+03 9.719589950956701863e-01
6.425582069814856368e+03 9.720839617375344188e-01
6.425602169321781730e+03 9.716894615968409976e-01
6.425622168831161616e+03 9.732642064125613945e-01
6.425642168340540593e+03 9.735072590285921423e-01
6.425662167849920479e+03 9.756052106020484116e-01
6.425682167359298546e+03 9.786929329834072044e-01
6.425702266866225727e+03 9.814500725899574229e-01
6.425722266375603795e+03 9.828531906554708319e-01
6.425742265884981862e+03 9.856612698828093322e-01
6.425762265394359929e+03 9.886453852983955182e-01
6.425782264903740725e+03 9.902185284220291761e-01
6.425802364410664268e+03 9.917002274066323286e-01
6.425822363920043244e+03 9.932730342804753088e-01
6.425842363429424040e+03 9.950617833553145886e-01
6.425862362938803017e+03 9.971915504854566015e-01
6.425882362448180174e+03 9.968815546889273627e-01
6.425902461955105537e+03 9.985671945877460098e-01
6.425922461464485423e+03 9.985926288228529346e-01
6.425942460973866218e+03 9.959515009854302825e-01
6.425962460483243376e+03 9.976485590509793777e-01
6.425982459992622353e+03 9.990384427453188332e-01
6.426002559499549534e+03 9.992284326890145119e-01
6.426022559008925782e+03 9.983727448765293833e-01
6.426042558518304759e+03 9.990006964206011864e-01
6.426062558027683735e+03 9.992193482645207459e-01
6.426082057549328056e+03 9.992858776158237699e-01
6.426102157056253418e+03 9.993223589640914950e-01
6.426122156565635123e+03 9.998080534054704094e-01
6.426142156075013190e+03 9.997595357702553365e-01
6.426162155584392167e+03 9.995519209412412343e-01
6.426182155093770234e+03 9.992647818730873155e-01
6.426202254600698325e+03 9.990114932928231273e-01
6.426222254110074573e+03 1.000195876523360505e+00
6.426242253619454459e+03 9.995224417052730459e-01
6.426262253128831617e+03 9.989002065248357987e-01
6.426282252638211503e+03 9.997265394662422366e-01
6.426302352145136865e+03 1.000188986736261221e+00
