6.438241959246784972e+03 9.996847735786859035e-01
6.438261958756163949e+03 1.000043620445845605e+00
6.438281958265542926e+03 9.998291296989432198e-01
6.438302057772467379e+03 9.989672973763902286e-01
6.438322057281846355e+03 1.000841447106529669e+00
6.438342056791224422e+03 9.999913476109808519e-01
6.438362056300605218e+03 9.989994968022253286e-01
6.438382055809982376e+03 9.988362179196289548e-01
6.438402155316907738e+03 9.991435574901430527e-01
6.438422154826288534e+03 1.000415681573660009e+00
6.438442154335667510e+03 9.992028188474059158e-01
6.438462153845043758e+03 9.988750629041486251e-01
6.438482153354423644e+03 9.998916957321883903e-01
6.438502252861349916e+03 1.000397382187719009e+00
6.438522252370727983e+03 9.993152934027295098e-01
6.438542251880107870e+03 1.000297666637576244e+00
6.438561751401753099e+03 1.001599148618653512e+00
6.438581750911131167e+03 1.001810058915221679e+00
6.438601850418057438e+03 9.998659796555212642e-01
6.438621849927435505e+03 1.000536223401272240e+00
6.438641849436815392e+03 9.990747162323092567e-01
6.438661848946192549e+03 9.985884614959101846e-01
6.438681848455571526e+03 9.981816319270677695e-01
6.438701947962497798e+03 9.952975313449381467e-01
6.438721947471875865e+03 9.971297565189023437e-01
6.438741946981255751e+03 9.972388423137299451e-01
6.438761946490635637e+03 9.954834580197431393e-01
6.438781946000013704e+03 9.931786425102804294e-01
6.438802045506939976e+03 9.922847082384252948e-01
6.438822045016318043e+03 9.933742911190975855e-01
6.438842044525698839e+03 9.940841388099391773e-01
6.438862044035076906e+03 9.935248995230249180e-01
6.438882043544456792e+03 9.924502414931442029e-01
6.438902143051380335e+03 9.916926021397434177e-01
6.438922142560760221e+03 9.903010265622563812e-01
6.438942142070137379e+03 9.894929911675242051e-01
6.438962141579518175e+03 9.886680742842107739e-01
6.438982141088895332e+03 9.871014312712647065e-01
6.439002240595821604e+03 9.843795198700543425e-01
6.439022240105200581e+03 9.824793085098155743e-01
6.439042239614578648e+03 9.805850128718993641e-01
6.439061739136224787e+03 9.782623385809171568e-01
6.439081738645601945e+03 9.763798966520155220e-01
6.439101838152527307e+03 9.756012010170520554e-01
6.439121837661908103e+03 9.764304425186064451e-01
6.439141837171286170e+03 9.754201195941938352e-01
6.439161836680664237e+03 9.760625004764622581e-01
6.439181836190045033e+03 9.771631835248427711e-01
6.439201935696969485e+03 9.777031802401068283e-01
6.439221935206349372e+03 9.768797693513312508e-01
6.439241934715726529e+03 9.789194016756032068e-01
6.439261934225106415e+03 9.780677323390020161e-01
6.439281933734485392e+03 9.760225043844716897e-01
6.439302033241409845e+03 9.733153749499420249e-01
6.439322032750790640e+03 9.710275101272296538e-01
6.439342032260169617e+03 9.705103046416680979e-01
6.439362031769546775e+03 9.704852149181855125e-01
6.439382031278928480e+03 9.695326549679500472e-01
6.439402130785852023e+03 9.684272160005699126e-01
6.439422130295231909e+03 9.690864747079760422e-01
6.439442129804612705e+03 9.722108757917794497e-01
6.439462129313988953e+03 9.724740279789422237e-01
6.439482128823368839e+03 9.737660722288234982e-01
6.439502228330292382e+03 9.755720489255449435e-01
6.439522227839672269e+03 9.769598107928810782e-01
6.439542227349050336e+03 9.781439049765353611e-01
6.439561726870696475e+03 9.799737940769797095e-01
6.439581726380076361e+03 9.825534700815274913e-01
6.439601825887002633e+03 9.852568011531230852e-01
6.439621825396377972e+03 9.878414326515380095e-01
6.439641824905758767e+03 9.919682899710791091e-01
6.439661824415137744e+03 9.936311712780941940e-01
6.439681823924515811e+03 9.959774435782435820e-01
6.439701923431441173e+03 9.976225575239325849e-01
6.439721922940821059e+03 9.982566255586614590e-01
6.439741922450200036e+03 9.994328709655090348e-01
6.439761921959578103e+03 1.001320630900020436e+00
6.439781921468957989e+03 1.000096199973947719e+00
6.439802020975881533e+03 9.994137530228104360e-01
6.439822020485262328e+03 1.000115257406779978e+00
6.439842019994641305e+03 1.001844363705070018e+00
6.439862019504021191e+03 9.999313773044511411e-01
6.439882019013398349e+03 9.994527104449048016e-01
6.439902118520325530e+03 9.991092685578877308e-01
6.439922118029705416e+03 9.994266901233718192e-01
6.439942117539079845e+03 1.001358481368294751e+00
6.439962117048460641e+03 1.001630556610096923e+00
6.439982116557839618e+03 1.000423856369176301e+00
6.440002216064764980e+03 1.000464235350700726e+00
6.440022215574144866e+03 1.000516228530291984e+00
6.440042215083524752e+03 1.000556929375594262e+00
6.440061714605167253e+03 9.998883266189256824e-01
6.440081714114548959e+03 1.001452452293306372e+00
6.440101813621472502e+03 9.996873754339636875e-01
6.440121813130853297e+03 9.989326813858709908e-01
6.440141812640230455e+03 1.000349892159811072e+00
6.440161812149607613e+03 9.998152415285548322e-01
6.440181811658988408e+03 1.000510247751608350e+00
6.440201911165915590e+03 1.000872073948153362e+00
6.440221910675292747e+03 1.000754823203652277e+00
6.440241910184671724e+03 1.000158258661857369e+00
6.440261909694051610e+03 9.993193054154327903e-01
6.440281909203429677e+03 1.000318590532288443e+00
6.440302008710355040e+03 1.000516807912135153e+00
