6.444465140821745990e+03 1.000928696532703999e+00
6.444485139596709814e+03 1.000212759277925523e+00
6.444505138371675457e+03 9.989827986448170938e-01
6.444525137146638372e+03 1.000150491960816179e+00
6.444545135921604015e+03 1.001807145797740661e+00
6.444565234690443503e+03 1.002316518186443961e+00
6.444585233465407327e+03 1.000902016285627028e+00
6.444605232240369332e+03 1.002343774136816412e+00
6.444625231015334975e+03 1.001798665529447963e+00
6.444645229790297890e+03 1.000529430769748540e+00
6.444665328559139198e+03 1.000200616491794703e+00
6.444685327334103022e+03 9.993817206878513604e-01
6.444705326109065936e+03 9.967581432885832537e-01
6.444725324884032489e+03 9.973936081885512728e-01
6.444745323658993584e+03 9.963513885394532643e-01
6.444765422427834892e+03 9.938793856204016786e-01
6.444785421202800535e+03 9.905792250430482948e-01
6.444805419977765268e+03 9.875386806058161770e-01
6.444825418752728183e+03 9.858072621750199049e-01
6.444845417527692916e+03 9.832865118650049308e-01
6.444865516296532405e+03 9.805621537288098377e-01
6.444885515071497139e+03 9.784087491585783392e-01
6.444905013877086276e+03 9.753023286139348436e-01
6.444925012652050100e+03 9.715305968101477507e-01
6.444945011427013014e+03 9.678722029573298968e-01
6.444965110195853413e+03 9.633729151979831817e-01
6.444985108970818146e+03 9.593043735222713808e-01
6.445005107745782880e+03 9.556230109785812665e-01
6.445025106520745794e+03 9.525774675315301643e-01
6.445045105295710528e+03 9.513531579470696498e-01
6.445065204064550016e+03 9.541694315609213772e-01
6.445085202839513840e+03 9.537862940258178268e-01
6.445105201614477664e+03 9.577824310224581916e-01
6.445125200389444217e+03 9.625896146591035318e-01
6.445145199164407131e+03 9.676789754319572445e-01
6.445165297933244801e+03 9.726305244773950642e-01
6.445185296708209535e+03 9.771810429066664083e-01
6.445205295483175178e+03 9.840107296618174626e-01
6.445225294258139911e+03 9.912127894332739553e-01
6.445245293033101916e+03 9.941412322648404132e-01
6.445265391801943224e+03 9.958331426317410529e-01
6.445285390576906138e+03 9.974545610946115026e-01
6.445305389351871781e+03 9.979335492311527389e-01
6.445325388126835605e+03 9.997602193479191435e-01
6.445345386901798520e+03 1.002098491502592781e+00
6.445365485670637099e+03 1.000809710269525921e+00
6.445385484445602742e+03 9.989893296247081000e-01
6.445404983251191879e+03 9.979118869283880588e-01
6.445424982026158432e+03 9.961351635739574828e-01
6.445444980801122256e+03 9.963076307030005463e-01
6.445465079569962654e+03 9.946395691169129805e-01
6.445485078344925569e+03 9.940508526760166719e-01
6.445505077119891212e+03 9.931357459474456917e-01
6.445525075894854126e+03 9.925081981103548445e-01
6.445545074669818860e+03 9.959752064612212852e-01
6.445565173438657439e+03 9.983947449324327428e-01
