6.447964926440498857e+03 1.000643122059917900e+00
6.447984925215463591e+03 1.000404806356301135e+00
6.448004923990427415e+03 9.992446167297164283e-01
6.448024922765389420e+03 9.999787132329870376e-01
6.448044921540355972e+03 9.999235289819637940e-01
6.448065020309194551e+03 1.000373374972435503e+00
6.448085019084158375e+03 1.000955882316196588e+00
6.448105017859123109e+03 1.000919625498532861e+00
6.448125016634088752e+03 1.000510867274496229e+00
6.448145015409053485e+03 1.001756259520171888e+00
6.448165114177890246e+03 1.001082252309136944e+00
6.448185112952854979e+03 1.000641946451445108e+00
6.448205111727820622e+03 9.994125098254743600e-01
6.448225110502785355e+03 9.983661945675187388e-01
6.448245109277747360e+03 9.975093041256949400e-01
6.448265208046586849e+03 9.963998436131600300e-01
6.448285206821552492e+03 9.963699849435675437e-01
6.448305205596517226e+03 9.989472404548199735e-01
6.448325204371481050e+03 9.991256519110696122e-01
6.448345203146444874e+03 9.985591936278614966e-01
6.448365301915283453e+03 9.979926687489174553e-01
6.448385300690250006e+03 9.980827171712541857e-01
6.448404799495837324e+03 9.996628447012280150e-01
6.448424798270802057e+03 9.982821724662502838e-01
6.448444797045765881e+03 9.983722115683607568e-01
6.448464895814605370e+03 9.997181997350633731e-01
6.448484894589569194e+03 9.988362182927358335e-01
6.448504893364535747e+03 9.968560608091695530e-01
6.448524892139497751e+03 9.973689841267616707e-01
6.448544890914463394e+03 9.940887899736868816e-01
6.448564989683301974e+03 9.947720601545607666e-01
6.448584988458267617e+03 9.945213506289526384e-01
6.448604987233231441e+03 9.936900391381205955e-01
6.448624986008196174e+03 9.929092435159586616e-01
6.448644984783159089e+03 9.923682841853056491e-01
6.448665083551999487e+03 9.910321149672274288e-01
6.448685082326963311e+03 9.835180500038827045e-01
6.448705081101927135e+03 9.848199299996462930e-01
6.448725079876892778e+03 9.852572497180971389e-01
6.448745078651856602e+03 9.833597722434682664e-01
6.448765177420694272e+03 9.806735115862577068e-01
6.448785176195659005e+03 9.798741199097440457e-01
6.448805174970624648e+03 9.793776309017321324e-01
6.448825173745588472e+03 9.774551476883608370e-01
6.448845172520553206e+03 9.764602534414239532e-01
6.448865271289391785e+03 9.780333030075312184e-01
6.448885270064355609e+03 9.797704285832546933e-01
6.448904768869946565e+03 9.797539186512673748e-01
6.448924767644910389e+03 9.792574836612987221e-01
6.448944766419874213e+03 9.784960823418626941e-01
6.448964865188714612e+03 9.797282744165062285e-01
6.448984863963678436e+03 9.804684132209815495e-01
6.449004862738643169e+03 9.825649197423552694e-01
6.449024861513606083e+03 9.834879363576497502e-01
6.449044860288571726e+03 9.794334456315156867e-01
6.449064959057409396e+03 9.766470149297185044e-01
6.449084957832372311e+03 9.768130819170214307e-01
6.449104956607337044e+03 9.738439380748382668e-01
6.449124955382304506e+03 9.741109783806883859e-01
6.449144954157267421e+03 9.747123357869789118e-01
6.449165052926105091e+03 9.738375320742131969e-01
6.449185051701070734e+03 9.737891677677875668e-01
6.449205050476032739e+03 9.763206604534032662e-01
6.449225049250999291e+03 9.761839486504126917e-01
6.449245048025963115e+03 9.794974422727852348e-01
6.449265146794803513e+03 9.805085403629141272e-01
6.449285145569767337e+03 9.809331113713196659e-01
6.449305144344732071e+03 9.835525626603129901e-01
6.449325143119694985e+03 9.854718398801103341e-01
6.449345141894660628e+03 9.879902112615402965e-01
6.449365240663499208e+03 9.895119292090924779e-01
6.449385239438463941e+03 9.900939768400103258e-01
6.449404738244053078e+03 9.908404045512964053e-01
6.449424737019017812e+03 9.920719809055582594e-01
6.449444735793981636e+03 9.933161276399317119e-01
6.449464834562821125e+03 9.932358227775379689e-01
6.449484833337785858e+03 9.960627603100595806e-01
6.449504832112749682e+03 9.966572474858421682e-01
6.449524830887713506e+03 9.965328333699282615e-01
6.449544829662678239e+03 9.978398546932307767e-01
6.449564928431517728e+03 1.000168276878401930e+00
6.449584927206482462e+03 9.990916564740630612e-01
6.449604925981446286e+03 9.972457979242189685e-01
6.449624924756411929e+03 9.976951788326222648e-01
6.449644923531374843e+03 9.990588155244769508e-01
6.449665022300213423e+03 1.000460150111522672e+00
6.449685021075178156e+03 1.000745519913122994e+00
6.449705019850141980e+03 9.996500868430721054e-01
6.449725018625106713e+03 1.000565949248138242e+00
6.449745017400070537e+03 9.997542721371196484e-01
6.449765116168911845e+03 1.001514839964810832e+00
6.449785114943873850e+03 9.993918272473250042e-01
6.449805113718840403e+03 9.987189106648071135e-01
6.449825112493802408e+03 9.996221018676920700e-01
6.449845111268767141e+03 9.988609455529146031e-01
6.449865210037607540e+03 9.986544919940267828e-01
6.449885208812571364e+03 9.987507244028070996e-01
6.449904707618160501e+03 1.001482416797681907e+00
6.449924706393126144e+03 1.001868571927784002e+00
6.449944705168089058e+03 1.001712596752013740e+00
6.449964803936930366e+03 1.001991487484324983e+00
6.449984802711892371e+03 1.001514038889396607e+00
6.450004801486858923e+03 1.000431484320612130e+00
6.450024800261823657e+03 9.976407861442196934e-01
6.450044799036785662e+03 9.973777445283732446e-01
