6.453424492011878101e+03 9.994045239644144818e-01
6.453444490786841925e+03 9.983002916892089740e-01
6.453464589555682323e+03 9.987480959272937442e-01
6.453484588330645238e+03 9.996527341764088748e-01
6.453504587105609062e+03 1.000432214340916559e+00
6.453524585880573795e+03 1.000773623217566799e+00
6.453544584655538529e+03 1.000376559788721531e+00
6.453564683424378018e+03 9.995226563507005890e-01
6.453584682199340932e+03 9.987626042064485787e-01
6.453604680974306575e+03 9.986346375870014391e-01
6.453624679749272218e+03 9.988383624253481807e-01
6.453644678524234223e+03 1.000087236140126512e+00
6.453664777293072802e+03 9.991269241599675111e-01
6.453684776068039355e+03 9.981040040780381206e-01
6.453704774843002269e+03 9.986832358165163015e-01
6.453724773617966093e+03 9.987930874217824107e-01
6.453744772392932646e+03 9.951165613983301572e-01
6.453764871161770316e+03 9.964155333011334159e-01
6.453784869936733230e+03 9.990287861686691917e-01
6.453804868711698873e+03 9.987005424847944512e-01
6.453824867486664516e+03 9.993361152742953335e-01
6.453844866261628340e+03 1.000541223687365644e+00
6.453864965030466919e+03 1.000018982268603862e+00
6.453884963805432562e+03 9.971372169295142918e-01
6.453904462611021700e+03 9.985863311255939179e-01
6.453924461385987343e+03 9.988839461194445324e-01
6.453944460160950257e+03 9.987246785629335655e-01
6.453964558929787017e+03 9.989409500561586830e-01
6.453984557704751751e+03 9.999583240026438391e-01
6.454004556479718303e+03 9.987037757720305109e-01
6.454024555254680308e+03 9.970486569256803433e-01
6.454044554029645951e+03 9.994179359405683805e-01
6.454064652798486350e+03 9.970618371320683071e-01
6.454084651573449264e+03 9.982106578384130069e-01
6.454104650348414907e+03 9.974943442360719725e-01
6.454124649123378731e+03 9.975290922427659801e-01
6.454144647898342555e+03 1.000480492493404316e+00
6.454164746667182044e+03 1.004189261265899802e+00
6.454184745442145868e+03 1.005694886791478782e+00
6.454204744217110601e+03 9.961221368968725676e-01
6.454224742992073516e+03 9.987418462896658911e-01
6.454244741767038249e+03 1.013047161119176032e+00
6.454264840535878648e+03 1.008268779319752673e+00
6.454284839310841562e+03 1.003840854337110233e+00
6.454304838085805386e+03 1.001315660056305568e+00
6.454324836860771939e+03 9.996166501511152269e-01
6.454344835635736672e+03 9.978988510795169242e-01
6.454364934404574342e+03 9.979211006520795069e-01
6.454384933179537256e+03 9.960530636561792939e-01
6.454404431985127303e+03 9.991860215959479374e-01
6.454424430760092946e+03 1.008058785818457759e+00
6.454444429535056770e+03 1.007311167637262583e+00
6.454464528303896259e+03 1.005011266061442088e+00
6.454484527078861902e+03 1.003944408908203689e+00
6.454504525853826635e+03 1.005637895590609121e+00
6.454524524628789550e+03 1.004176695919373197e+00
6.454544523403752464e+03 9.994042935490785595e-01
6.454564622172593772e+03 9.964846473676469696e-01
6.454584620947555777e+03 9.958997148740122984e-01
6.454604619722521420e+03 9.961660578420893364e-01
6.454624618497485244e+03 9.956124173026634772e-01
6.454644617272449068e+03 9.945142006129673584e-01
6.454664716041287647e+03 9.945239202946003498e-01
6.454684714816254200e+03 9.960108636556772588e-01
6.454704713591218933e+03 9.964775160539528498e-01
6.454724712366181848e+03 9.944278372004600186e-01
6.454744711141145672e+03 9.948005939047367407e-01
6.454764809909986070e+03 9.941467989614333201e-01
6.454784808684950804e+03 9.945383360481189206e-01
6.454804807459914628e+03 9.969579944055981802e-01
6.454824806234877542e+03 9.980631436416467217e-01
6.454844805009842275e+03 9.971652065589956537e-01
6.454864903778681764e+03 9.966929394277420640e-01
6.454884902553644679e+03 9.972284653831803292e-01
6.454904401359236545e+03 9.974571817468287360e-01
6.454924400134201278e+03 9.987188455285528343e-01
6.454944398909166011e+03 9.990665906539170082e-01
6.454964497678005500e+03 9.992265615159208192e-01
6.454984496452966596e+03 9.993113983314064752e-01
6.455004495227934058e+03 9.984384799436404334e-01
6.455024494002896063e+03 9.968832303910662995e-01
6.455044492777861706e+03 9.978256641519992476e-01
6.455064591546699376e+03 9.966084538759850675e-01
6.455084590321664109e+03 9.956040554459086867e-01
6.455104589096628843e+03 9.961020380618840209e-01
6.455124587871594485e+03 9.965061245279068780e-01
6.455144586646558309e+03 9.964407142629890801e-01
6.455164685415396889e+03 9.976085437659869548e-01
6.455184684190360713e+03 9.933739522586059190e-01
6.455204682965325446e+03 9.950989071516692652e-01
6.455224681740288361e+03 9.940819588293171583e-01
6.455244680515254913e+03 9.925954958030027697e-01
6.455264779284095312e+03 9.943956045454981352e-01
6.455284778059057317e+03 9.952316461665748903e-01
6.455304776834022050e+03 9.942334646201359538e-01
6.455324775608984964e+03 9.912320157632662498e-01
6.455344774383951517e+03 9.897893384829457020e-01
6.455364873152789187e+03 9.882026829607468699e-01
6.455384871927753920e+03 9.899902761004334417e-01
6.455404370733344876e+03 9.885099322515628062e-01
6.455424369508307791e+03 9.877808994001234799e-01
6.455444368283273434e+03 9.893306173316213092e-01
6.455464467052111104e+03 9.882698013193313979e-01
6.455484465827074928e+03 9.860069713672998670e-01
6.455504464602040571e+03 9.856034595960507794e-01
6.455524463377004395e+03 9.858698083519875643e-01
6.455544462151968219e+03 9.850155425451212476e-01
6.455564560920807708e+03 9.857890044503261340e-01
6.455584559695770622e+03 9.859864913835401090e-01
6.455604558470734446e+03 9.854702835912125813e-01
6.455624557245701908e+03 9.861435697741650630e-01
6.455644556020665732e+03 9.854896271351781811e-01
6.455664654789502492e+03 9.860126817045713477e-01
6.455684653564469045e+03 9.862039121490489002e-01
6.455704652339431959e+03 9.876723063613880305e-01
6.455724651114394874e+03 9.877132889044571984e-01
6.455744649889361426e+03 9.869341273904520540e-01
6.455764748658200006e+03 9.863490581574889671e-01
6.455784747433165649e+03 9.869284555744251008e-01
6.455804746208130382e+03 9.885471346392178393e-01
6.455824744983093296e+03 9.882876057526731595e-01
6.455844743758058939e+03 9.874333035964067973e-01
6.455864842526895700e+03 9.878624712298444965e-01
6.455884841301860433e+03 9.864446900287748843e-01
6.455904340107450480e+03 9.860848917755837828e-01
6.455924338882417032e+03 9.861634350592289877e-01
6.455944337657379037e+03 9.862419788654633868e-01
6.455964436426221255e+03 9.862579314460739877e-01
6.455984435201184169e+03 9.856540376008708915e-01
6.456004433976147993e+03 9.855635354177680885e-01
6.456024432751112727e+03 9.844587591989605313e-01
6.456044431526074732e+03 9.845059935170533683e-01
6.456064530294915130e+03 9.855612646170400781e-01
6.456084529069879864e+03 9.827722646180020449e-01
6.456104527844843687e+03 9.824125263403323816e-01
6.456124526619809330e+03 9.848013888299026464e-01
6.456144525394772245e+03 9.872716618361558893e-01
6.456164624163611734e+03 9.864235867103300359e-01
6.456184622938576467e+03 9.871032019904139032e-01
6.456204621713538472e+03 9.876951659646180381e-01
6.456224620488505934e+03 9.901341773274928704e-01
6.456244619263467939e+03 9.901313432312847107e-01
6.456264718032307428e+03 9.912430211147252868e-01
6.456284716807273071e+03 9.916784768166646558e-01
6.456304715582237804e+03 9.915441617104926442e-01
6.456324714357200719e+03 9.929188122618529677e-01
6.456344713132165452e+03 9.912003931181329053e-01
6.456364811901002213e+03 9.913165446774407918e-01
6.456384810675967856e+03 9.933611717719261769e-01
6.456404309481560631e+03 9.941972846794508989e-01
6.456424308256522636e+03 9.918401854276853724e-01
6.456444307031488279e+03 9.935091512149623050e-01
6.456464405800326858e+03 9.945895719368079702e-01
6.456484404575291592e+03 9.945178769909981398e-01
6.456504403350254506e+03 9.955795070461269658e-01
6.456524402125221059e+03 9.962591936226381506e-01
6.456544400900183064e+03 9.952232310614732569e-01
6.456564499669021643e+03 9.970487986715881323e-01
6.456584498443985467e+03 9.957561079077631438e-01
6.456604497218952019e+03 9.932173546658406016e-01
6.456624495993916753e+03 9.960635573277022425e-01
6.456644494768880577e+03 9.977388569612436475e-01
6.456664593537717337e+03 9.942170238140994876e-01
6.456684592312682071e+03 9.948215844007084474e-01
6.456704591087647714e+03 9.957204482934677303e-01
6.456724589862610628e+03 9.957927732531383080e-01
6.456744588637575362e+03 9.956647234207276487e-01
6.456764687406416670e+03 9.959061330998846273e-01
6.456784686181380494e+03 9.942564724526679054e-01
6.456804684956345227e+03 9.960382625752116637e-01
6.456824683731310870e+03 9.966303203449572434e-01
6.456844682506273784e+03 9.950620488758323834e-01
6.456864781275110545e+03 9.966810691782488352e-01
6.456884780050077097e+03 9.963275915144296224e-01
6.456904278855664415e+03 9.935444078994273287e-01
6.456924277630630968e+03 9.965723547754905542e-01
6.456944276405594792e+03 9.974837856443349304e-01
6.456964375174434281e+03 9.965291743868300856e-01
6.456984373949398105e+03 9.962132619210255502e-01
6.457004372724361929e+03 9.966988843669187803e-01
6.457024371499327572e+03 9.969528150272702893e-01
6.457044370274291396e+03 9.952467251191319253e-01
6.457064469043131794e+03 9.973229331918460616e-01
6.457084467818094708e+03 9.992300618122671452e-01
6.457104466593060351e+03 9.972734772893200317e-01
6.457124465368024175e+03 9.986420749519220319e-01
6.457144464142987999e+03 1.003899483774129742e+00
6.457164562911825669e+03 1.008468106369534434e+00
6.457184561686791312e+03 1.003818778886692131e+00
6.457204560461754227e+03 1.000634780011939950e+00
6.457224559236721689e+03 9.987219952910113552e-01
6.457244558011683694e+03 9.977485376636644476e-01
6.457264656780523183e+03 9.993739412111962706e-01
6.457284655555486097e+03 9.996091053515707703e-01
6.457304654330451740e+03 9.992994480267682889e-01
6.457324653105415564e+03 9.990649368071795600e-01
6.457344651880382116e+03 9.974902751582502836e-01
6.457364750649218877e+03 9.964291365627483410e-01
6.457384749424182701e+03 9.970149900514037045e-01
6.457404248229773657e+03 9.982833674512083810e-01
6.457424247004738390e+03 9.965583821933664543e-01
6.457444245779702214e+03 9.979333152612313018e-01
6.457464344548541703e+03 9.986006118009073118e-01
6.457484343323505527e+03 9.981719531161091785e-01
6.457504342098471170e+03 9.995594311032077739e-01
6.457524340873433175e+03 9.991495604435253197e-01
6.457544339648400637e+03 9.987083739561176676e-01
6.457564438417238307e+03 1.001129217031552221e+00
6.457584437192201221e+03 1.000393690335360741e+00
6.457604435967167774e+03 9.989003767852417948e-01
6.457624434742128869e+03 1.000394351569812379e+00
6.457644433517095422e+03 9.997214416537821835e-01
6.457664532285933092e+03 9.982218647577171255e-01
6.457684531060898735e+03 1.000874460642708907e+00
6.457704529835862559e+03 1.002236944761495163e+00
6.457724528610827292e+03 9.999294438373501626e-01
6.457744527385791116e+03 1.001129100991027254e+00
6.457764626154630605e+03 1.001232788060546941e+00
6.457784624929594429e+03 9.996079107193482916e-01
6.457804623704560981e+03 9.999934052956099828e-01
6.457824622479524805e+03 9.988131781090984207e-01
