6.459361541148429751e+03 9.994561506024256525e-01
6.459381540657807818e+03 1.000078714365072674e+00
6.459401640164734999e+03 1.000447845532427049e+00
6.459421639674115795e+03 1.001284057285708018e+00
6.459441639183492953e+03 9.986778126124999933e-01
6.459461638692871929e+03 9.969661141169146035e-01
6.459481638202249997e+03 9.999845905158203374e-01
6.459501737709177178e+03 9.996900079409987150e-01
6.459521737218555245e+03 9.973823870938683944e-01
6.459541736727934222e+03 9.985053064129553180e-01
6.459561236249578542e+03 9.987351997888429533e-01
6.459581235758957519e+03 1.000015395173223798e+00
6.459601335265884700e+03 1.002459134079985326e+00
6.459621334775262767e+03 1.002901292795928434e+00
6.459641334284640834e+03 9.979461287221468302e-01
6.459661333794020720e+03 1.000305527655362292e+00
6.459681333303398787e+03 1.000483508868561744e+00
6.459701432810325059e+03 9.995257211339765302e-01
6.459721432319703126e+03 9.992315492504751928e-01
6.459741431829082103e+03 9.968689325459096917e-01
6.459761431338461080e+03 9.954339342937745805e-01
6.459781430847840056e+03 9.983379601057215114e-01
6.459801530354767237e+03 1.000078127442989073e+00
6.459821529864145305e+03 9.983959107608721961e-01
6.459841529373524281e+03 9.996978233034885530e-01
6.459861528882902348e+03 9.971728923751725926e-01
6.459881528392283144e+03 9.976993181003781519e-01
6.459901627899208506e+03 9.969949568001340579e-01
6.459921627408587483e+03 9.940210305487938713e-01
6.459941626917963731e+03 9.929238667448178068e-01
6.459961626427343617e+03 9.946357815824965476e-01
6.459981625936723503e+03 9.947352598877764462e-01
6.460001725443649775e+03 9.944693636846607676e-01
6.460021724953026933e+03 9.946081611454239413e-01
6.460041724462404090e+03 9.920676857466705911e-01
6.460061223984051139e+03 9.909103005776128681e-01
6.460081223493429206e+03 9.920489615173815334e-01
6.460101323000354569e+03 9.924178760224711127e-01
6.460121322509735364e+03 9.895747217158886722e-01
6.460141322019112522e+03 9.902359608718089845e-01
6.460161321528491499e+03 9.913014418261791860e-01
6.460181321037871385e+03 9.911539698428016854e-01
6.460201420544797656e+03 9.912027979689899126e-01
6.460221420054176633e+03 9.907072438173980533e-01
6.460241419563554700e+03 9.897008375201364894e-01
6.460261419072934586e+03 9.895871532926299174e-01
6.460281418582313563e+03 9.922915811210569759e-01
6.460301518089238016e+03 9.906787547091218116e-01
6.460321517598616992e+03 9.928047165951849884e-01
6.460341517107995060e+03 9.911080554436896284e-01
6.460361516617375855e+03 9.892375597820541877e-01
6.460381516126753922e+03 9.929852846506358466e-01
6.460401615633680194e+03 9.943416420610686757e-01
6.460421615143057352e+03 9.938798474417863682e-01
6.460441614652437238e+03 9.955673559257184335e-01
6.460461614161816215e+03 9.966430662615366476e-01
6.460481613671195191e+03 9.951880616037531713e-01
6.460501713178121463e+03 9.975763967957873568e-01
6.460521712687499530e+03 9.989436136993538051e-01
6.460541712196877597e+03 9.979094815771543114e-01
6.460561211718522827e+03 9.980883879581293749e-01
6.460581211227902713e+03 9.980978169973679925e-01
6.460601310734828076e+03 9.981462789484786269e-01
6.460621310244207052e+03 9.986549314750635675e-01
6.460641309753583300e+03 9.977388445682086049e-01
6.460661309262963186e+03 9.963124462555676963e-01
6.460681308772344892e+03 9.996814489686730587e-01
6.460701408279268435e+03 1.000307474987924605e+00
6.460721407788650140e+03 9.982923205347367102e-01
6.460741407298027298e+03 1.000746701320117671e+00
6.460761406807405365e+03 9.985298470776823310e-01
6.460781406316785251e+03 9.964365584644456764e-01
6.460801505823710613e+03 1.000454781332158705e+00
6.460821505333088680e+03 1.000727611113093163e+00
6.460841504842468566e+03 9.995427515101790172e-01
6.460861504351847543e+03 1.000084693646925649e+00
6.460881503861224701e+03 9.992082986016947999e-01
6.460901603368150973e+03 9.980738943050220247e-01
6.460921602877530859e+03 1.002309756632107307e+00
6.460941602386908926e+03 1.002419877356612865e+00
6.460961601896287902e+03 9.982366897985629484e-01
6.460981601405665970e+03 9.991428394719520378e-01
6.461001700912593151e+03 1.000592288652669026e+00
6.461021700421971218e+03 1.000192502382082571e+00
