6.462269097793652691e+03 1.002958569518593412e+00
6.462289097326949559e+03 1.001246972936024049e+00
6.462309196857910138e+03 1.001206676743423118e+00
6.462329196391205187e+03 1.000226442160254470e+00
6.462349195924499327e+03 9.987487719431739075e-01
6.462369195457795286e+03 9.986908383045803861e-01
6.462389194991090335e+03 1.001108328411067117e+00
6.462409294522052733e+03 1.002600759501589556e+00
6.462429294055346872e+03 1.001793916288370445e+00
6.462449293588641012e+03 1.002375259517916062e+00
6.462469293121936062e+03 1.003335536210957057e+00
6.462489292655231111e+03 1.002216249910535817e+00
6.462509392186192599e+03 1.004206513522344135e+00
6.462529391719487649e+03 1.002103685493525687e+00
6.462549391252781788e+03 9.986989728824507973e-01
6.462569390786076838e+03 1.002100842744482634e+00
6.462589390319372797e+03 1.002228156808125048e+00
6.462608989861999362e+03 9.977837097287864943e-01
6.462628989395296230e+03 9.994702827002640566e-01
6.462648988928591280e+03 9.997711075075109699e-01
6.462668988461887238e+03 9.967821871962413427e-01
6.462688987995181378e+03 9.987380058887349588e-01
6.462709087526142866e+03 9.983966463708409123e-01
6.462729087059437006e+03 9.999707039162769595e-01
6.462749086592732965e+03 1.003035191830219386e+00
6.462769086126028924e+03 1.000560948611509016e+00
6.462789085659322154e+03 9.966829157836587516e-01
6.462809185190283642e+03 9.989027246244306379e-01
6.462829184723577782e+03 9.972471176902961698e-01
6.462849184256874651e+03 9.930240936612244607e-01
6.462869183790168790e+03 9.964913409769247110e-01
6.462889183323462930e+03 9.987228663510768767e-01
6.462909282854424418e+03 9.959237910968783414e-01
6.462929282387719468e+03 9.971943924885732224e-01
6.462949281921015427e+03 9.972868653012993967e-01
6.462969281454311385e+03 9.948520031677547948e-01
6.462989280987605525e+03 9.969970319874958964e-01
6.463009380518566104e+03 9.965772394996688099e-01
6.463029380051860244e+03 9.943881784744993402e-01
6.463049379585156203e+03 9.936698379156719829e-01
6.463069379118450343e+03 9.932062517244504285e-01
6.463089378651745392e+03 9.910457731020396732e-01
6.463108978194374686e+03 9.918699249794631356e-01
6.463128977727670645e+03 9.928194062599101644e-01
6.463148977260965694e+03 9.926453163678734537e-01
6.463168976794260743e+03 9.897923260130809808e-01
6.463188976327554883e+03 9.886102301162799089e-01
6.463209075858518190e+03 9.877033803932342426e-01
6.463229075391810511e+03 9.888382535022460784e-01
6.463249074925105560e+03 9.875024714059559283e-01
6.463269074458402429e+03 9.845473673652469504e-01
6.463289073991695659e+03 9.815891441512568649e-01
6.463309173522658057e+03 9.818811563415695831e-01
6.463329173055951287e+03 9.820860967406227493e-01
6.463349172589247246e+03 9.811814724711634961e-01
6.463369172122544114e+03 9.823308835851707332e-01
6.463389171655836435e+03 9.846827575856150760e-01
6.463409271186797923e+03 9.852183223184362015e-01
6.463429270720092973e+03 9.850815192609816418e-01
6.463449270253388931e+03 9.840957028500662007e-01
6.463469269786683071e+03 9.855757799254911689e-01
6.463489269319977211e+03 9.858620586156727761e-01
6.463509368850939609e+03 9.829376175855307762e-01
6.463529368384233749e+03 9.803373533534290862e-01
6.463549367917528798e+03 9.833419464498649454e-01
6.463569367450824757e+03 9.831499679418336246e-01
6.463589366984119806e+03 9.808247640848988258e-01
6.463608966526748191e+03 9.856173426563161755e-01
6.463628966060045968e+03 9.875356082931913138e-01
6.463648965593339199e+03 9.855494570266115639e-01
6.463668965126634248e+03 9.892622323261923700e-01
6.463688964659929297e+03 9.898328497942691095e-01
6.463709064190888967e+03 9.896934322751389512e-01
6.463729063724184925e+03 9.934009842332761631e-01
6.463749063257480884e+03 9.931252388262056252e-01
6.463769062790774115e+03 9.936352000530139783e-01
6.463789062324069164e+03 9.966329472380071053e-01
6.463809161855031562e+03 9.954905038577104293e-01
6.463829161388325701e+03 9.912538157006441919e-01
6.463849160921621660e+03 9.935471599472150972e-01
6.463869160454916710e+03 9.940949307676486546e-01
6.463889159988210849e+03 9.910119186997718987e-01
6.463909259519170519e+03 9.924182595609766233e-01
6.463929259052468296e+03 9.917914528009074138e-01
6.463949258585760617e+03 9.892706720115634900e-01
6.463969258119056576e+03 9.936614883727198366e-01
6.463989257652351625e+03 9.925357596947553818e-01
6.464009357183314023e+03 9.901338355824568227e-01
6.464029356716608163e+03 9.926657776574578929e-01
6.464049356249904122e+03 9.923579354259626228e-01
6.464069355783197352e+03 9.910724318993796578e-01
6.464089355316493311e+03 9.919365552345059678e-01
6.464108954859122605e+03 9.932990055896523396e-01
6.464128954392417654e+03 9.942387112259787330e-01
6.464148953925713613e+03 9.946011013602329420e-01
6.464168953459008662e+03 9.960080753007406473e-01
6.464188952992301893e+03 9.966375112034128181e-01
6.464209052523264290e+03 9.949486713173349983e-01
6.464229052056557521e+03 9.943012894636705790e-01
6.464249051589852570e+03 9.954995205021465177e-01
6.464269051123148529e+03 9.946895929464911745e-01
6.464289050656441759e+03 1.000656247292417644e+00
6.464309150187404157e+03 1.000139774261573411e+00
6.464329149720697387e+03 9.967293592100928690e-01
6.464349149253995165e+03 9.984706796732744083e-01
6.464369148787290214e+03 9.992020122147079464e-01
6.464389148320583445e+03 9.989348537225696267e-01
6.464409247851544933e+03 1.002929260727519978e+00
6.464429247384840892e+03 1.003083152457731497e+00
6.464449246918135941e+03 9.997098155320247592e-01
6.464469246451430990e+03 1.000127787193655360e+00
6.464489245984725130e+03 1.000200297778268688e+00
6.464509345515686618e+03 9.994861787362118166e-01
6.464529345048979849e+03 1.000708462565291335e+00
6.464549344582277627e+03 1.001231064491076017e+00
6.464569344115571766e+03 9.991839001455989910e-01
6.464589343648866816e+03 1.001382001718322146e+00
6.464608943191496110e+03 1.000730736067420024e+00
6.464628942724791159e+03 9.990898908708937265e-01
6.464648942258087118e+03 1.002191431975172575e+00
6.464668941791381258e+03 1.003597107176239289e+00
6.464688941324677216e+03 1.002714229385781364e+00
6.464709040855637795e+03 1.002217771959998949e+00
6.464729040388931935e+03 9.995978190718312062e-01
6.464749039922228803e+03 9.971868082028123581e-01
6.464769039455522034e+03 9.975526305087061285e-01
6.464789038988817083e+03 9.993912832082954001e-01
6.464809138519778571e+03 9.998271252053402280e-01
6.464829138053074530e+03 1.002174404473490599e+00
6.464849137586367760e+03 1.001907121051761607e+00
