6.465781283661503949e+03 9.999627618556051756e-01
6.465801383168432039e+03 9.978269393243989205e-01
6.465821382677811016e+03 1.002007599711233876e+00
6.465841382187187264e+03 1.002272660636009505e+00
6.465861381696568060e+03 9.994183300600369968e-01
6.465881381205947037e+03 1.001394565016885840e+00
6.465901480712871489e+03 9.983830637496355909e-01
6.465921480222250466e+03 9.968861221236116066e-01
6.465941479731630352e+03 1.000691799988665753e+00
6.465961479241011148e+03 1.001922064780853328e+00
6.465981478750387396e+03 9.999144079930113449e-01
6.466001578257312758e+03 1.000005697440261354e+00
6.466021577766692644e+03 9.987161706536569206e-01
6.466041577276070711e+03 9.971852011802336824e-01
6.466061076797715941e+03 9.973256899851686841e-01
6.466081076307094918e+03 9.980902399016442494e-01
6.466101175814019371e+03 9.984733577574130825e-01
6.466121175323398347e+03 9.980872663335423889e-01
6.466141174832778233e+03 1.000333940827049517e+00
6.466161174342157210e+03 9.998131602357994696e-01
6.466181173851535277e+03 9.965414298204904320e-01
6.466201273358462458e+03 9.969301753950320366e-01
6.466221272867840526e+03 9.968527420594391897e-01
6.466241272377218593e+03 9.950852529769784738e-01
6.466261271886599388e+03 9.976131023041028278e-01
6.466281271395977456e+03 9.976592217351805125e-01
6.466301370902902818e+03 9.947181190328396871e-01
6.466321370412281794e+03 9.968306997454475793e-01
6.466341369921660771e+03 9.959277013738532247e-01
6.466361369431039748e+03 9.893579334876012599e-01
6.466381368940418724e+03 9.903135791501681551e-01
6.466401468447344087e+03 9.915222508083540998e-01
6.466421467956723063e+03 9.902931124968865628e-01
6.466441467466101130e+03 9.901423503999011722e-01
6.466461466975481926e+03 9.877446589315804770e-01
6.466481466484859084e+03 9.859253770443989762e-01
6.466501565991785355e+03 9.865835745700481940e-01
6.466521565501164332e+03 9.866348834792195710e-01
6.466541565010542399e+03 9.846636421406319561e-01
6.466561064532186720e+03 9.851858247390672396e-01
6.466581064041566606e+03 9.852033703914272467e-01
6.466601163548493787e+03 9.855076805305146292e-01
6.466621163057871854e+03 9.843283688191916125e-01
6.466641162567249921e+03 9.853067886370014961e-01
6.466661162076628898e+03 9.867292338187613199e-01
6.466681161586006965e+03 9.840774398282307045e-01
6.466701261092935965e+03 9.849831077116568689e-01
6.466721260602313123e+03 9.847758381030160546e-01
6.466741260111690281e+03 9.831746709931599160e-01
6.466761259621070167e+03 9.868793274401614912e-01
6.466781259130450053e+03 9.883864962810998689e-01
6.466801358637375415e+03 9.867911016269016455e-01
6.466821358146752573e+03 9.908561263338361291e-01
6.466841357656132459e+03 9.921219100731292206e-01
6.466861357165512345e+03 9.893119499503220116e-01
6.466881356674889503e+03 9.918652309548152690e-01
6.466901456181815774e+03 9.929402524066381908e-01
6.466921455691194751e+03 9.936328264359205464e-01
6.466941455200574637e+03 9.965520744065645697e-01
6.466961454709953614e+03 9.972898350650434285e-01
6.466981454219331681e+03 9.975553041683609123e-01
6.467001553726259772e+03 9.993112141367928025e-01
6.467021553235636929e+03 9.979909065555920833e-01
6.467041552745016816e+03 9.957256733900041734e-01
6.467061052266660226e+03 9.955401776503227662e-01
6.467081051776040113e+03 9.982915988379315042e-01
6.467101151282965475e+03 9.992716986579025518e-01
6.467121150792344451e+03 9.979229967378545618e-01
6.467141150301721609e+03 1.000247346043770413e+00
6.467161149811103314e+03 1.001188064238500930e+00
6.467181149320480472e+03 9.978647199499942611e-01
6.467201248827405834e+03 1.000853390707730162e+00
6.467221248336783901e+03 9.996169967677425161e-01
6.467241247846162878e+03 9.951623154197903887e-01
6.467261247355540945e+03 1.000941746106435160e+00
6.467281246864920831e+03 1.002107787106781611e+00
6.467301346371847103e+03 9.995097386764295599e-01
6.467321345881224261e+03 1.000653307551519600e+00
6.467341345390604147e+03 1.000480170303997163e+00
6.467361344899984033e+03 9.981122646122656539e-01
6.467381344409362100e+03 9.985186731764936763e-01
6.467401443916288372e+03 9.988690373966940816e-01
6.467421443425668258e+03 9.982567938642061822e-01
6.467441442935045416e+03 9.998339834816795113e-01
