6.467731982873696325e+03 1.000640463156093229e+00
6.467751978573767701e+03 1.001832841124481011e+00
6.467771974273839987e+03 1.000888464640628195e+00
6.467791969973909545e+03 1.000074640258368674e+00
6.467811965673982741e+03 9.972108469431703037e-01
6.467831961374051389e+03 9.987658293289997102e-01
6.467851957074122765e+03 1.000591832801086323e+00
6.467871952774195051e+03 9.992588386326313188e-01
6.467891948474266428e+03 9.982652952717860906e-01
6.467911944174337805e+03 9.979451411223537738e-01
6.467931939874408272e+03 9.988995722621587525e-01
6.467951935574478739e+03 9.983229202331675989e-01
6.467971931274550116e+03 9.984373467117405587e-01
6.467991926974622402e+03 9.999969578450663699e-01
6.468011922674691050e+03 1.000725357090611833e+00
6.468031918374764246e+03 9.994671441897385877e-01
6.468051914074834713e+03 9.956307723045154656e-01
6.468071909774904270e+03 9.966679229505062132e-01
6.468091905474977466e+03 9.977287860894917815e-01
6.468111901175049752e+03 9.992522497566288520e-01
6.468131896875119310e+03 9.979959605118502441e-01
6.468151892575189777e+03 9.966425101525129282e-01
6.468171888275257515e+03 9.949189713738649798e-01
6.468191883975331621e+03 9.950664447414331315e-01
6.468211879675403907e+03 9.954250360399568009e-01
6.468231875375476193e+03 9.955199964394902956e-01
6.468251871075545751e+03 9.943970768804299976e-01
6.468271866775618946e+03 9.928868057774391520e-01
6.468291862475686685e+03 9.915271573839222752e-01
6.468311858175758061e+03 9.896841309652596452e-01
6.468331853875831257e+03 9.902565058536637599e-01
6.468351849575902634e+03 9.905118730481276001e-01
6.468371845275972191e+03 9.900250031808905948e-01
6.468391840976045387e+03 9.886343120241894988e-01
6.468411836676113126e+03 9.884362232821264360e-01
6.468431832376185412e+03 9.895642655093160878e-01
6.468451828076257698e+03 9.896551865719135366e-01
6.468471823776328165e+03 9.889194765227037331e-01
6.468491819476399542e+03 9.876738499241349833e-01
6.468511815176467280e+03 9.898863747482575803e-01
6.468531810876539566e+03 9.906259073206991062e-01
6.468551806576613671e+03 9.909603553479556792e-01
6.468571802276685048e+03 9.912080069578091956e-01
6.468591797976755515e+03 9.911075956606603121e-01
6.468611793676824163e+03 9.910492904946556214e-01
6.468631789376896450e+03 9.914137253033398212e-01
6.468651785076967826e+03 9.908488830005871550e-01
6.468671780777038293e+03 9.900848626614145997e-01
6.468691776477106941e+03 9.899013718243662163e-01
6.468711772177180137e+03 9.913895136092705229e-01
6.468731767877253333e+03 9.922048074372569193e-01
6.468751763577321981e+03 9.916452639373449784e-01
6.468771759277395176e+03 9.923114348696082665e-01
6.468791754977465644e+03 9.930605182569313127e-01
6.468811750677533382e+03 9.938790284266850739e-01
6.468831746377608397e+03 9.955837303242744962e-01
6.468851742077679774e+03 9.955813493245928569e-01
6.468871737777749331e+03 9.948853167087701177e-01
6.468891733477819798e+03 9.963138332146559417e-01
6.468911729177891175e+03 9.970972605659714771e-01
6.468931724877962552e+03 9.972905270771045272e-01
6.468951720578032109e+03 9.949710335137450512e-01
6.468971716278104395e+03 9.946912851821057000e-01
6.468991711978174862e+03 9.952218395466176926e-01
6.469011707678248058e+03 9.974381522630352270e-01
6.469031703378319435e+03 9.971511405492241575e-01
6.469051699078388083e+03 9.971510882446029678e-01
6.469071694778461278e+03 9.984823273508527386e-01
6.469091690478529017e+03 9.958016720585686210e-01
6.469111686178602213e+03 9.947720304374654265e-01
6.469131681878671770e+03 9.963988333456312851e-01
6.469151677578745876e+03 9.967691942773854175e-01
6.469171673278815433e+03 9.984805891201965489e-01
6.469191668978886810e+03 9.970215135355658953e-01
6.469211664678956367e+03 1.000678170572742332e+00
6.469231660379030473e+03 9.995572326028172583e-01
6.469251656079099121e+03 9.992472237180246575e-01
6.469271651779170497e+03 1.001298354207957431e+00
6.469291647479241874e+03 1.001683218967671651e+00
6.469311643179312341e+03 1.001656631656511642e+00
6.469331638879386446e+03 9.994795517857815170e-01
