6.488109075974346524e+03 1.000729757221102911e+00
6.488129071026542988e+03 9.992635031941591306e-01
6.488149066078735814e+03 9.972704067232209812e-01
6.488169061130932278e+03 9.971222867933886569e-01
6.488189056183126922e+03 9.981694235013862659e-01
6.488209051235325205e+03 9.991780993720849047e-01
6.488229046287518941e+03 9.992572533871884044e-01
6.488249041339712676e+03 9.993619338075038216e-01
6.488269036391908230e+03 9.988555026171526130e-01
6.488289031444102875e+03 9.985180423072144151e-01
6.488309026496299339e+03 9.994966397670573821e-01
6.488329021548495803e+03 9.993514964043114235e-01
6.488349016600692266e+03 9.991150704988466247e-01
6.488369011652886002e+03 9.988966394549309014e-01
6.488389006705080646e+03 9.984064106901702207e-01
6.488409001757274382e+03 9.960768343498622723e-01
6.488428996809472665e+03 9.969367596124030229e-01
6.488448991861670947e+03 1.000593510877660908e+00
6.488468986913861954e+03 9.970763820828074664e-01
6.488488981966059328e+03 9.956510604809505338e-01
6.488508977018254882e+03 9.951693355070438951e-01
6.488528972070449527e+03 9.955587093324570480e-01
6.488548967122645081e+03 9.964100757629174021e-01
6.488568962174839726e+03 9.964337993248922887e-01
6.488588957227036190e+03 9.966133266315435613e-01
6.488608952279231744e+03 9.985161196786548343e-01
6.488628947331425479e+03 9.993179195866708220e-01
6.488648942383622853e+03 9.989073709000612089e-01
6.488668937435815678e+03 1.000144293175787569e+00
6.488688932488013052e+03 9.990137461173363986e-01
6.488708927540210425e+03 9.970894855814926849e-01
6.488728922592405070e+03 9.952062415217234337e-01
6.488748917644598805e+03 9.945588009918604477e-01
6.488768912696793450e+03 9.979487990582197598e-01
6.488788907748989914e+03 9.956529858696478996e-01
6.488808902801184558e+03 9.935795474863235999e-01
6.488828897853380113e+03 9.912521352272516406e-01
6.488848892905576577e+03 9.892239812565739587e-01
6.488868887957771221e+03 9.869218211879353664e-01
6.488888883009966776e+03 9.854520057473842298e-01
6.488908878062162330e+03 9.850681592669970899e-01
6.488928873114358794e+03 9.846442724255138890e-01
6.488948868166554348e+03 9.850548200765352203e-01
6.488968863218748993e+03 9.854137936991357316e-01
6.488988858270945457e+03 9.852582559718218169e-01
6.489008853323138283e+03 9.844510381728120985e-01
6.489028848375334746e+03 9.853059965243633478e-01
6.489048843427528482e+03 9.862238319230567374e-01
6.489068838479725855e+03 9.860274809928840645e-01
6.489088833531921409e+03 9.877129440520189263e-01
6.489108828584116054e+03 9.884397958646035098e-01
6.489128823636310699e+03 9.884627605429073816e-01
6.489148818688508072e+03 9.886062734749252456e-01
6.489168813740700898e+03 9.867337602409343988e-01
6.489188808792898271e+03 9.848117900410291448e-01
6.489208803845093826e+03 9.836822324578001764e-01
6.489228798897289380e+03 9.852854967760938942e-01
6.489248793949485844e+03 9.840076541298800050e-01
6.489268789001679579e+03 9.830110728506941120e-01
6.489288784053874224e+03 9.830142427898872493e-01
6.489308779106068869e+03 9.833624518680046389e-01
6.489328774158267152e+03 9.821407260353945956e-01
6.489348769210459068e+03 9.823473987281892139e-01
6.489368764262653713e+03 9.846916106688000658e-01
6.489388759314851995e+03 9.847221682390601138e-01
6.489408754367048459e+03 9.852070846538368842e-01
6.489428749419241285e+03 9.858997018657308375e-01
6.489448744471439568e+03 9.865249787337289078e-01
6.489468739523633303e+03 9.876095475704501636e-01
6.489488734575829767e+03 9.893248944115464738e-01
6.489508729628025321e+03 9.897184904896461077e-01
6.489528724680219057e+03 9.873851871030496774e-01
6.489548719732416430e+03 9.895113145521873266e-01
6.489568714784611075e+03 9.895185070914551684e-01
6.489588709836805720e+03 9.885183192551855180e-01
6.489608704889001274e+03 9.894934765095240170e-01
6.489628699941195919e+03 9.878112569768728868e-01
6.489648694993394201e+03 9.886433882997887057e-01
6.489668690045587937e+03 9.914705468487843287e-01
6.489688685097785310e+03 9.923709425363710368e-01
6.489708680149976317e+03 9.921636043657104942e-01
6.489728675202173690e+03 9.926760341293333623e-01
6.489748670254369245e+03 9.941717075774133550e-01
6.489768665306565708e+03 9.946870302610103520e-01
6.489788660358764901e+03 9.947535527220353613e-01
6.489808655410954998e+03 9.952067876634861365e-01
6.489828650463151462e+03 9.961556269614375569e-01
6.489848645515347016e+03 9.963614962504597772e-01
6.489868640567541661e+03 9.972062166983296505e-01
6.489888635619736306e+03 9.978421948592440804e-01
6.489908630671933679e+03 9.979544125604302707e-01
6.489928625724131052e+03 9.974565528158183536e-01
6.489948620776321150e+03 9.981053059011787409e-01
6.489968615828518523e+03 9.979459123361433814e-01
6.489988610880714077e+03 9.961960946498765734e-01
6.490008605932909632e+03 9.975252774245394471e-01
6.490028600985106095e+03 9.986415238740109501e-01
6.490048596037299831e+03 9.991997449170919587e-01
6.490068591089497204e+03 9.988626969471967598e-01
6.490088586141690030e+03 9.992201663429761682e-01
6.490108581193887403e+03 1.000147020008995025e+00
6.490128576246083867e+03 1.001321636969417561e+00
6.490148571298279421e+03 1.001531071088251901e+00
6.490168566350472247e+03 9.998302051626867248e-01
6.490188561402668711e+03 9.993096191711423604e-01
6.490208556454866084e+03 9.995818607149028479e-01
6.490228551507059819e+03 9.983825871338166680e-01
6.490248546559254464e+03 9.965354354852887786e-01
6.490268541611450928e+03 9.944110916101585040e-01
6.490288536663647392e+03 9.948990914875263103e-01
6.490308531715839308e+03 9.958344275695590886e-01
6.490328526768036681e+03 9.932655368453029432e-01
6.490348521820231326e+03 9.937611853509820126e-01
6.490368516872428700e+03 9.787551498460386190e-01
6.490388511924625163e+03 9.911036738851222161e-01
6.490408506976818899e+03 1.002843080896494321e+00
6.490428502029016272e+03 1.006540812125838791e+00
6.490448497081210007e+03 1.007005204010097188e+00
6.490468492133403743e+03 1.001904156747864816e+00
6.490488487185600206e+03 9.995723237655098625e-01
6.490508482237793942e+03 9.989193031135605860e-01
