6.519380068794456747e+03 9.961225926967419708e-01
6.519400168301380290e+03 9.995692875131728661e-01
6.519420167810759267e+03 1.001233249096889821e+00
6.519440167320140972e+03 1.000600145165194244e+00
6.519460166829519039e+03 1.000693673911540404e+00
6.519480166338897106e+03 1.001972629127773295e+00
6.519500265845823378e+03 1.002799614424252805e+00
6.519520265355202355e+03 1.001914693309526205e+00
6.519540264864580422e+03 1.003043286616657426e+00
6.519559764386224742e+03 1.002261132540083421e+00
6.519579763895602809e+03 1.002276617993051122e+00
6.519599863402529991e+03 1.002969883182083688e+00
6.519619862911908967e+03 1.003147769622782404e+00
6.519639862421287944e+03 1.001819989047208370e+00
6.519659861930665102e+03 1.001986572051431379e+00
6.519679861440044988e+03 1.001570909336708670e+00
6.519699960946971260e+03 1.002897300961407279e+00
6.519719960456350236e+03 1.002420042205277806e+00
6.519739959965730122e+03 1.000788815103815788e+00
6.519759959475108190e+03 1.002014129302917222e+00
6.519779958984486257e+03 1.002584257396174738e+00
6.519800058491412528e+03 1.000129363865631893e+00
6.519820058000790596e+03 9.894462591138204477e-01
6.519840057510168663e+03 9.901606693883100441e-01
6.519860057019549458e+03 9.916320301145893357e-01
6.519880056528925707e+03 9.920609936687163621e-01
6.519900156035853797e+03 9.882293085179927328e-01
6.519920155545232774e+03 9.865213302781461469e-01
6.519940155054611751e+03 9.889071933738313724e-01
6.519960154563990727e+03 9.863686624026207772e-01
6.519980154073370613e+03 9.817144410097017326e-01
6.520000253580295976e+03 9.837365626606843216e-01
6.520020253089673133e+03 9.792939891276530862e-01
6.520040252599051200e+03 9.729195803083222627e-01
6.520059752120696430e+03 9.740112795935689238e-01
6.520079751630075407e+03 9.725353692970259978e-01
6.520099851137001679e+03 9.694707834031971450e-01
6.520119850646382474e+03 9.691281706289756048e-01
6.520139850155758722e+03 9.691280468536366266e-01
6.520159849665139518e+03 9.703186903045748490e-01
6.520179849174518495e+03 9.688525354800715528e-01
6.520199948681442947e+03 9.700216306158505608e-01
6.520219948190823743e+03 9.728704957298770495e-01
6.520239947700202720e+03 9.724100406626633442e-01
6.520259947209578968e+03 9.697967812157687328e-01
6.520279946718958854e+03 9.744399559588925452e-01
6.520300046225885126e+03 9.734292089738915132e-01
6.520320045735262283e+03 9.711411601760751022e-01
6.520340045244643989e+03 9.716193008099198725e-01
6.520360044754022056e+03 9.708208457527451873e-01
6.520380044263399213e+03 9.693752929820668163e-01
6.520400143770325485e+03 9.694771030714103288e-01
6.520420143279706281e+03 9.704616664023415495e-01
6.520440142789083438e+03 9.711988889928014901e-01
6.520460142298461506e+03 9.719363075217478665e-01
6.520480141807840482e+03 9.707038298636352369e-01
6.520500241314767663e+03 9.731196435965726588e-01
6.520520240824144821e+03 9.749555284535583732e-01
6.520540240333524707e+03 9.745056789553150356e-01
6.520559739855169937e+03 9.779834718330527865e-01
6.520579739364548004e+03 9.814654458654700209e-01
6.520599838871473366e+03 9.803409396279479937e-01
6.520619838380854162e+03 9.836100641072630379e-01
6.520639837890231320e+03 9.836343939272764736e-01
6.520659837399610296e+03 9.828866533699229802e-01
6.520679836908988364e+03 9.834407078287821236e-01
6.520699936415914635e+03 9.833416632257658829e-01
6.520719935925294521e+03 9.829600413984618257e-01
6.520739935434672589e+03 9.862772440644463900e-01
6.520759934944052475e+03 9.841195118397447761e-01
6.520779934453431451e+03 9.867665810786335756e-01
6.520800033960357723e+03 9.879822368288408985e-01
6.520820033469733971e+03 9.851807173638854609e-01
6.520840032979112948e+03 9.880885396788012809e-01
6.520860032488492834e+03 9.901450252721213374e-01
6.520880031997870901e+03 9.884206518992710855e-01
6.520900131504798082e+03 9.908960975361952306e-01
6.520920131014177059e+03 9.923948880396824546e-01
6.520940130523554217e+03 9.937021093746036815e-01
6.520960130032935012e+03 9.940666444100503263e-01
6.520980129542312170e+03 9.932170261579891246e-01
6.521000229049240261e+03 9.970052088009589975e-01
6.521020228558618328e+03 9.976188947792927753e-01
6.521040228067998214e+03 9.930686921932949662e-01
6.521059727589640715e+03 9.958202961323486813e-01
6.521079727099018783e+03 9.983725102556685327e-01
6.521099826605945964e+03 9.974160596431854708e-01
6.521119826115325850e+03 9.989912094073344351e-01
6.521139825624702098e+03 1.001674909286937254e+00
6.521159825134083803e+03 9.986539614761364980e-01
6.521179824643461870e+03 9.987878234834574043e-01
6.521199924150388142e+03 9.996407016035375737e-01
6.521219923659766209e+03 1.001398218692559405e+00
6.521239923169146095e+03 1.001362774779462006e+00
