6.535419469365509940e+03 1.000307871105450497e+00
6.535439468140471945e+03 1.000013746840809015e+00
6.535459566909314162e+03 9.992748949399906655e-01
6.535479565684277077e+03 9.967447611648001526e-01
6.535499564459241810e+03 9.994883748101831555e-01
6.535519563234205634e+03 1.000979298696573982e+00
6.535539562009169458e+03 9.987999421836457614e-01
6.535559660778008947e+03 1.002877527600672725e+00
6.535579659552971862e+03 1.002564611031121711e+00
6.535599658327938414e+03 9.994207618487032097e-01
6.535619657102902238e+03 1.002608940551113159e+00
6.535639655877865152e+03 1.001525675152479478e+00
6.535659754646704641e+03 9.982064943940035517e-01
6.535679753421668465e+03 1.001707772132089946e+00
6.535699752196632289e+03 1.001113041542152304e+00
6.535719750971597023e+03 9.977187983198364529e-01
6.535739749746559937e+03 1.002103080743311558e+00
6.535759848515402155e+03 1.001696213514292388e+00
6.535779847290364160e+03 9.967050154402922191e-01
6.535799846065327984e+03 1.001020334639773468e+00
6.535819844840294536e+03 1.003456786161917247e+00
6.535839843615259269e+03 1.001979032165803529e+00
6.535859942384096030e+03 1.001697430980632797e+00
6.535879941159061673e+03 1.001290611152596322e+00
6.535899439964651719e+03 9.970888289917381186e-01
6.535919438739615543e+03 9.993561430855786298e-01
6.535939437514579367e+03 9.994566067704423462e-01
6.535959536283418856e+03 9.960187510284218559e-01
6.535979535058384499e+03 9.972527315406058968e-01
6.535999533833349233e+03 9.974847161693662922e-01
6.536019532608312147e+03 9.939592914541548474e-01
6.536039531383277790e+03 9.946108676907549073e-01
6.536059630152117279e+03 9.938784448328299437e-01
6.536079628927080194e+03 9.939601507314314022e-01
6.536099627702044017e+03 9.962774588688630972e-01
6.536119626477008751e+03 9.944805025994578607e-01
6.536139625251973484e+03 9.934162358154020600e-01
6.536159724020812973e+03 9.947753773519021347e-01
6.536179722795775888e+03 9.932352063899985151e-01
6.536199721570740621e+03 9.927032368666643958e-01
6.536219720345705355e+03 9.894848894498670111e-01
6.536239719120669179e+03 9.908753615617854615e-01
6.536259817889508668e+03 9.939878077520165611e-01
6.536279816664473401e+03 9.952029042371780543e-01
6.536299815439436316e+03 9.995802040586250214e-01
6.536319814214401958e+03 9.982091373258481504e-01
6.536339812989365782e+03 9.950722757187662193e-01
6.536359911758205271e+03 9.975960030566156655e-01
6.536379910533169095e+03 9.978780531788227215e-01
6.536399409338758232e+03 9.949981263176831403e-01
6.536419408113723875e+03 9.985424786509853323e-01
6.536439406888686790e+03 9.980981777515086639e-01
6.536459505657528098e+03 9.932645284874314084e-01
6.536479504432491012e+03 9.974850672586339506e-01
6.536499503207456655e+03 9.982617620942472181e-01
6.536519501982419570e+03 9.953817872246970566e-01
6.536539500757385213e+03 9.990136689031888784e-01
6.536559599526224702e+03 9.984754315046974193e-01
6.536579598301188526e+03 9.974801562630494223e-01
6.536599597076152349e+03 1.000742545968054342e+00
6.536619595851117083e+03 1.000273211351035085e+00
6.536639594626081816e+03 9.968673893456534429e-01
6.536659693394921305e+03 9.992969622946020758e-01
6.536679692169884220e+03 9.998106382365075095e-01
6.536699690944848044e+03 9.991221833139141140e-01
6.536719689719813687e+03 1.000869276882615289e+00
6.536739688494776601e+03 1.000637876301370355e+00
6.536759787263616090e+03 9.994485226440454895e-01
6.536779786038578095e+03 1.002259938569656672e+00
6.536799784813543738e+03 1.001158271838902047e+00
6.536819783588510290e+03 9.978841066153441020e-01
6.536839782363473205e+03 1.001365387380118266e+00
6.536859881132312694e+03 1.001334306844363864e+00
6.536879879907276518e+03 1.000019807534855865e+00
6.536899378712866564e+03 1.000965583370591716e+00
6.536919377487831298e+03 1.000765498283431532e+00
6.536939376262796941e+03 9.998016204609064816e-01
6.536959475031636430e+03 1.002168352002271279e+00
6.536979473806600254e+03 1.001943221253699168e+00
6.536999472581563168e+03 1.000296958990656737e+00
6.537019471356528811e+03 1.000146967831597955e+00
6.537039470131492635e+03 1.001361751857468230e+00
6.537059568900330305e+03 1.001349454745473100e+00
6.537079567675295038e+03 9.990208572738307202e-01
6.537099566450259772e+03 1.001312400509936973e+00
6.537119565225223596e+03 9.996849823839391025e-01
