6.542255957040701105e+03 9.994740827653630921e-01
6.542275952740777939e+03 9.989848740356497281e-01
6.542295948440846587e+03 1.002003872136929097e+00
6.542315944140919783e+03 1.002954272122645207e+00
6.542335939840993888e+03 9.984937101304602880e-01
6.542355935541065264e+03 9.976672712866545556e-01
6.542375931241134822e+03 1.001643730541224242e+00
6.542395926941208927e+03 1.000547700677218543e+00
6.542415922641280304e+03 9.998323154062564999e-01
6.542435918341355318e+03 1.000705006487946802e+00
6.542455914041425785e+03 9.987575999040743113e-01
6.542475909741495343e+03 9.953416990793138019e-01
6.542495905441567629e+03 9.972399200189853152e-01
6.542515901141640825e+03 9.995814202671614579e-01
6.542535896841714020e+03 9.954174766587304823e-01
6.542555892541786307e+03 9.951056291042739144e-01
6.542575888241858593e+03 9.957131745004141887e-01
6.542595883941930879e+03 9.945319058302276582e-01
6.542615879642001346e+03 9.928290463923077347e-01
6.542635875342078180e+03 9.923170541143068180e-01
6.542655871042147737e+03 9.941863118906122398e-01
6.542675866742222752e+03 9.945583710697466495e-01
6.542695862442292309e+03 9.918958808602169608e-01
6.542715858142364596e+03 9.901417715631009031e-01
6.542735853842437791e+03 9.900966586635481237e-01
6.542755849542510987e+03 9.879823017931876894e-01
6.542775845242579635e+03 9.862498018062488825e-01
6.542795840942651012e+03 9.873064752945879263e-01
6.542815836642725117e+03 9.836704388173986846e-01
6.542835832342795584e+03 9.853011737342584064e-01
6.542855828042871508e+03 9.848864144739988280e-01
6.542875823742941066e+03 9.851186167758737566e-01
6.542895819443016080e+03 9.870113202792584195e-01
6.542915815143088366e+03 9.907451469138044420e-01
6.542935810843158833e+03 9.894121027503440802e-01
6.542955806543229301e+03 9.880963088442200615e-01
6.542975802243302496e+03 9.948936831811977521e-01
6.542995797943379330e+03 9.962233637915478557e-01
6.543015793643448887e+03 9.940455512490664614e-01
6.543035789343522083e+03 9.962501990792579365e-01
6.543055785043591641e+03 9.960652793915871772e-01
6.543075780743664836e+03 9.999463020221259768e-01
6.543095776443734394e+03 9.985057001844067637e-01
6.543115772143806680e+03 9.957121620930751149e-01
6.543135767843882604e+03 9.988405172618010086e-01
6.543155763543953071e+03 9.991350787860396876e-01
6.543175759244023538e+03 9.986798896846235118e-01
6.543195754944098553e+03 1.000409738895278622e+00
6.543215750644169930e+03 1.001392876414873401e+00
6.543235746344242216e+03 1.000633989957629977e+00
6.543255742044310864e+03 9.965186063008395490e-01
6.543275737744386788e+03 1.007340676029980786e+00
6.543295733444457255e+03 1.003087766466304043e+00
6.543315729144532270e+03 9.971157758719513264e-01
6.543335724844602737e+03 1.002355500033714542e+00
6.543355720544675933e+03 9.976826070383548739e-01
6.543375716244745490e+03 1.001286072479634859e+00
