6.548239260830635430e+03 1.000207465492588765e+00
6.548259260340015317e+03 9.999683672475022655e-01
6.548279259849392474e+03 9.987518649745096289e-01
6.548299359356317837e+03 9.991242085015539232e-01
6.548319358865696813e+03 9.990509390581981952e-01
6.548339358375075790e+03 9.967830506099550902e-01
6.548359357884453857e+03 9.971385116658402215e-01
6.548379357393832834e+03 9.975968050822190403e-01
6.548399456900759105e+03 9.998491572602249411e-01
6.548419456410138991e+03 9.985701879729106389e-01
6.548439455919517059e+03 9.979084337120014414e-01
6.548459455428896945e+03 9.907674747798541626e-01
6.548479454938275012e+03 9.927285711535428492e-01
6.548499554445200374e+03 9.973287336265551639e-01
6.548519553954580260e+03 9.987694903080079900e-01
6.548539553463961056e+03 9.995131795605208813e-01
6.548559052985602648e+03 9.950939427322701425e-01
6.548579052494982534e+03 9.942783252995036625e-01
6.548599152001907896e+03 9.948562511027441158e-01
6.548619151511286873e+03 9.947432444263214490e-01
6.548639151020666759e+03 9.940705365853440556e-01
6.548659150530043007e+03 9.934892665378811660e-01
6.548679150039422893e+03 9.942329616788285751e-01
6.548699249546349165e+03 9.936458042699277682e-01
6.548719249055728142e+03 9.921681118210614603e-01
6.548739248565107118e+03 9.890974435914718921e-01
6.548759248074486095e+03 9.901952111725941252e-01
6.548779247583864162e+03 9.903793521823835988e-01
6.548799347090790434e+03 9.901293490613651826e-01
6.548819346600169411e+03 9.896797732612357956e-01
6.548839346109550206e+03 9.889162545472258703e-01
6.548859345618927364e+03 9.885124419074285962e-01
6.548879345128307250e+03 9.889135328392901769e-01
6.548899444635231703e+03 9.905986722123373278e-01
6.548919444144612498e+03 9.912051142020124050e-01
6.548939443653989656e+03 9.902704740228713831e-01
6.548959443163367723e+03 9.912763850492761764e-01
6.548979442672746700e+03 9.931839128768799041e-01
6.548999542179672062e+03 9.953592655148332247e-01
6.549019541689051948e+03 9.938026005066503688e-01
6.549039541198429106e+03 9.950592494368895036e-01
6.549059040720073426e+03 9.961913667570648778e-01
6.549079040229454222e+03 9.972994497002872771e-01
6.549099139736379584e+03 9.972090608476112950e-01
6.549119139245760380e+03 9.972786491778962148e-01
6.549139138755137537e+03 9.974281011210928138e-01
6.549159138264516514e+03 9.983704951667222716e-01
6.549179137773894581e+03 9.993242142764714453e-01
6.549199237280821762e+03 9.999410773311552258e-01
6.549219236790198011e+03 9.988754438179279216e-01
6.549239236299579716e+03 9.995951618643595937e-01
6.549259235808958692e+03 9.996874376229020198e-01
6.549279235318336760e+03 9.987018034875995154e-01
6.549299334825263031e+03 9.978529052896600859e-01
6.549319334334641098e+03 9.986409735339093485e-01
6.549339333844021894e+03 1.000187393614407450e+00
6.549359333353399052e+03 1.000587540662256858e+00
6.549379332862779847e+03 1.000491585988541710e+00
6.549399432369702481e+03 1.000167350784882059e+00
