6.553119041121533883e+03 9.980946899331929467e-01
6.553139040630913769e+03 9.989905112621989547e-01
6.553159040140293655e+03 9.992235317237462278e-01
6.553179039649669903e+03 9.989897358585561049e-01
6.553199139156597084e+03 9.986809289065895490e-01
6.553219138665976061e+03 9.993922549277823864e-01
6.553239138175355947e+03 9.997635530124818759e-01
6.553259137684733105e+03 9.990860477048535415e-01
6.553279137194112991e+03 9.966913590639304710e-01
6.553299236701039263e+03 9.954318467970647566e-01
6.553319236210418239e+03 9.955554209671704236e-01
6.553339235719798126e+03 9.961053854207047031e-01
6.553359235229177102e+03 9.953300721223694580e-01
6.553379234738553350e+03 9.936156075424017464e-01
6.553399334245478713e+03 9.920739638488529355e-01
6.553419333754858599e+03 9.909415611594259987e-01
6.553439333264237575e+03 9.900684728928439426e-01
6.553459332773616552e+03 9.877493127672601902e-01
6.553479332282994619e+03 9.853207840965177988e-01
6.553499431789920891e+03 9.856057552913294328e-01
6.553519431299300777e+03 9.834135733480308117e-01
6.553539430808678844e+03 9.803343013480685375e-01
6.553558930330323165e+03 9.764203432554204865e-01
6.553578929839701232e+03 9.744646725220060812e-01
6.553599029346628413e+03 9.722094333131572341e-01
6.553619028856006480e+03 9.677423782913026074e-01
6.553639028365382728e+03 9.654529086252591208e-01
6.553659027874765343e+03 9.638086759797809266e-01
6.553679027384142501e+03 9.620838699012794759e-01
6.553699126891069682e+03 9.632390188516360974e-01
6.553719126400449568e+03 9.623897925875800619e-01
6.553739125909829454e+03 9.633203574887381215e-01
6.553759125419204793e+03 9.644697494237026714e-01
6.553779124928584679e+03 9.637760568774971226e-01
6.553799224435511860e+03 9.669410736385420924e-01
6.553819223944889927e+03 9.705092072456009689e-01
6.553839223454268904e+03 9.742730048629472117e-01
6.553859222963646971e+03 9.786758987628488837e-01
6.553879222473025948e+03 9.829864693552177179e-01
6.553899321979953129e+03 9.872794849950820018e-01
6.553919321489332106e+03 9.916875985181169417e-01
6.553939320998709263e+03 9.933487058021310823e-01
6.553959320508088240e+03 9.962765983782980728e-01
6.553979320017468126e+03 1.000332998767727632e+00
6.553999419524392579e+03 1.000404463526877841e+00
6.554019419033772465e+03 1.000274495869064140e+00
6.554039418543149623e+03 1.000760634412749761e+00
6.554058918064795762e+03 1.002865219351160686e+00
6.554078917574174739e+03 1.002240045770195653e+00
6.554099017081101010e+03 1.001845099003401574e+00
6.554119016590479987e+03 1.001542391271021737e+00
6.554139016099858054e+03 1.000992129565949851e+00
6.554159015609237940e+03 1.000430376118481846e+00
6.554179015118616007e+03 1.000300430244870586e+00
6.554199114625542279e+03 1.000590648493672186e+00
6.554219114134919437e+03 1.000351324068557091e+00
6.554239113644300232e+03 1.000480442837656136e+00
6.554259113153677390e+03 1.000684392888037788e+00
