6.593516010630672099e+03 1.000702897583058526e+00
6.593536009405636833e+03 1.001345894016763882e+00
6.593556108174477231e+03 9.983817898135844970e-01
6.593576106949440145e+03 9.977889553393410882e-01
6.593596105724404879e+03 9.991570903779795065e-01
6.593616104499369612e+03 9.999765881260248568e-01
6.593636103274334346e+03 1.000348387037460096e+00
6.593656202043172016e+03 9.995599392985698994e-01
6.593676200818138568e+03 1.000757584597799399e+00
6.593696199593099664e+03 1.000555645949439132e+00
6.593716198368065307e+03 1.000958886105925316e+00
6.593736197143029131e+03 1.000088779948832718e+00
6.593756295911869529e+03 9.984936704184191880e-01
6.593776294686832443e+03 9.978506349860858382e-01
6.593796293461797177e+03 1.001695259548567085e+00
6.593816292236761910e+03 1.000283236448357593e+00
6.593836291011725734e+03 9.967726398694268797e-01
6.593856389780564314e+03 9.975979696415899767e-01
6.593876388555529047e+03 9.976672024372289505e-01
6.593895887361119094e+03 9.969370705128400845e-01
6.593915886136084737e+03 9.969118027860928155e-01
6.593935884911047651e+03 9.976615790467276979e-01
6.593955983679887140e+03 9.963192059741867723e-01
6.593975982454852783e+03 9.956638979594026884e-01
6.593995981229815698e+03 9.960734132971655885e-01
6.594015980004779522e+03 9.973649250190901316e-01
6.594035978779746074e+03 9.965143540206248263e-01
6.594056077548582834e+03 9.960101431272013750e-01
6.594076076323546658e+03 9.965518729458572311e-01
6.594096075098511392e+03 9.957770214050496449e-01
6.594116073873477035e+03 9.931251277078799733e-01
6.594136072648439949e+03 9.937487899051636875e-01
6.594156171417280348e+03 9.943848132451326149e-01
6.594176170192245081e+03 9.944163423978359395e-01
6.594196168967207086e+03 9.950650772742481998e-01
6.594216167742170910e+03 9.963435431849381185e-01
6.594236166517137463e+03 9.976282098249265040e-01
6.594256265285976042e+03 9.964755262422981819e-01
6.594276264060938047e+03 9.966077245106563787e-01
6.594296262835905509e+03 9.976718457753879221e-01
6.594316261610867514e+03 9.977284298121193995e-01
6.594336260385832247e+03 9.967964804307934967e-01
6.594356359154671736e+03 9.982947173619000081e-01
6.594376357929636470e+03 9.987290251732158231e-01
6.594395856735226516e+03 9.978295696256338498e-01
6.594415855510190340e+03 9.981064776327532861e-01
6.594435854285155983e+03 9.986666477551721099e-01
6.594455953053994563e+03 9.985215532626791068e-01
6.594475951828959296e+03 9.987102783821462104e-01
6.594495950603923120e+03 1.000258592308362671e+00
6.594515949378887854e+03 1.001114424891380139e+00
6.594535948153852587e+03 1.000283406053873891e+00
6.594556046922692076e+03 1.000050166264001561e+00
6.594576045697655900e+03 1.000534593296732000e+00
6.594596044472618814e+03 1.001937800194643513e+00
6.594616043247585367e+03 1.001484458738255423e+00
6.594636042022547372e+03 9.989859966006848779e-01
6.594656140791386861e+03 1.000200137199714456e+00
6.594676139566351594e+03 1.000149621648267928e+00
6.594696138341314509e+03 9.989287854284211177e-01
