6.596278082358708161e+03 1.000659898329338438e+00
6.596298181865631705e+03 1.001448270373844096e+00
6.596318181375009772e+03 1.000017349816677115e+00
6.596338180884389658e+03 9.985410877052474099e-01
6.596358180393769544e+03 1.000686105977557583e+00
6.596378179903147611e+03 9.993631423510449530e-01
6.596398279410072064e+03 9.963033858459615644e-01
6.596418278919451950e+03 1.002222504283586391e+00
6.596438278428828198e+03 1.002386540178637153e+00
6.596458277938211722e+03 9.973577409845104658e-01
6.596478277447587061e+03 1.000489954362611789e+00
6.596498376954516061e+03 1.001805919763383956e+00
6.596518376463894128e+03 9.977876039985316137e-01
6.596538375973272196e+03 9.997562771861593367e-01
6.596557875494917425e+03 9.993137495651526203e-01
6.596577875004295493e+03 9.999658287000319223e-01
6.596597974511221764e+03 1.000135446017668128e+00
6.596617974020602560e+03 9.989320223371330743e-01
6.596637973529979718e+03 9.985967825525111641e-01
6.596657973039359604e+03 9.989537751360697548e-01
6.596677972548736761e+03 9.980908895450154583e-01
6.596698072055663943e+03 9.989016532823432604e-01
6.596718071565042919e+03 9.981125649554152268e-01
6.596738071074420986e+03 9.957292935163137848e-01
6.596758070583799963e+03 9.970394176424938193e-01
6.596778070093177121e+03 9.961369654666863971e-01
6.596798169600105211e+03 9.926986156312316290e-01
6.596818169109483279e+03 9.948199372018218245e-01
6.596838168618862255e+03 9.918754199089028223e-01
6.596858168128242141e+03 9.892600495333238042e-01
6.596878167637618390e+03 9.897192732586819197e-01
6.596898267144544661e+03 9.899344510041110379e-01
6.596918266653925457e+03 9.870073375103380897e-01
6.596938266163301705e+03 9.851523799049197727e-01
6.596958265672682501e+03 9.843071123697839653e-01
6.596978265182061477e+03 9.848514753352269890e-01
6.596998364688987749e+03 9.842727086153769678e-01
6.597018364198364907e+03 9.806484675783607718e-01
6.597038363707745702e+03 9.831211557683092739e-01
6.597057863229387294e+03 9.817151467754511307e-01
6.597077862738768090e+03 9.786243030597208126e-01
6.597097962245693452e+03 9.829738600002011495e-01
6.597117961755073338e+03 9.836769514157723826e-01
6.597137961264450496e+03 9.814539028198099313e-01
6.597157960773832201e+03 9.853779091197388817e-01
6.597177960283209359e+03 9.840848844907669202e-01
6.597198059790135630e+03 9.837104037584925020e-01
6.597218059299513698e+03 9.869082961629911388e-01
6.597238058808891765e+03 9.864771807220843458e-01
6.597258058318270741e+03 9.852693006018781174e-01
6.597278057827651537e+03 9.871175153128756152e-01
6.597298157334577809e+03 9.887047238078826572e-01
6.597318156843954966e+03 9.884266856209968921e-01
6.597338156353333943e+03 9.903937570722752826e-01
6.597358155862713829e+03 9.901610473512144628e-01
6.597378155372090987e+03 9.927912810208625594e-01
6.597398254879017259e+03 9.922862978684499069e-01
6.597418254388397145e+03 9.921215878413526257e-01
6.597438253897775212e+03 9.979657908612695749e-01
6.597458253407153279e+03 9.986229110314143176e-01
6.597478252916533165e+03 9.952043379382661259e-01
6.597498352423461256e+03 9.978963264235092279e-01
6.597518351932838414e+03 9.995623518638850902e-01
6.597538351442215571e+03 9.992898027490632051e-01
6.597557850963862620e+03 9.999700677515068747e-01
6.597577850473237959e+03 9.981331919909482986e-01
6.597597949980165140e+03 9.977188863653222439e-01
6.597617949489545026e+03 1.000467235861134174e+00
6.597637948998923093e+03 1.000240037664282156e+00
6.597657948508300251e+03 9.987376994309503653e-01
6.597677948017681047e+03 9.994796441786598651e-01
6.597698047524608228e+03 9.994223815596131599e-01
6.597718047033985385e+03 1.000481625044357559e+00
6.597738046543365272e+03 9.988377508303183383e-01
6.597758046052744248e+03 9.970636192506755480e-01
6.597778045562122315e+03 1.003194405059238514e+00
6.597798145069047678e+03 1.003630041587386001e+00
6.597818144578428473e+03 9.989604510651085567e-01
6.597838144087805631e+03 1.002337015898942196e+00
6.597858143597185517e+03 1.001645219984081070e+00
6.597878143106562675e+03 9.992140274351227758e-01
6.597898242613488037e+03 1.001604394020418232e+00
6.597918242122868833e+03 1.002017461246486496e+00
6.597938241632246900e+03 9.997167360682843729e-01
6.597958241141625876e+03 1.000900318005441880e+00
6.597978240651003944e+03 1.000678866894001873e+00
6.597998340157931125e+03 1.000032427614018893e+00
