6.612175067660112290e+03 1.002301038120312571e+00
6.612195066435077024e+03 1.004297613890483110e+00
6.612215065210041757e+03 1.002923548751216698e+00
6.612235063985005581e+03 1.000688663889645724e+00
6.612255162753844161e+03 1.000592525853313930e+00
6.612275161528808894e+03 1.001863962118806795e+00
6.612295160303774537e+03 1.003444021159554778e+00
6.612315159078737452e+03 1.002056262441191947e+00
6.612335157853702185e+03 1.001387833518069259e+00
6.612355256622539855e+03 1.000944712678736304e+00
6.612375255397505498e+03 9.994791058281937701e-01
6.612394754203095545e+03 1.000459293088903578e+00
6.612414752978060278e+03 1.001204574270758485e+00
6.612434751753023193e+03 1.000921413350347011e+00
6.612454850521864500e+03 1.001860335388128798e+00
6.612474849296826505e+03 1.002008004568595956e+00
6.612494848071792148e+03 1.000265027435273790e+00
6.612514846846756882e+03 1.000785585202049299e+00
6.612534845621722525e+03 1.001441333541440715e+00
6.612554944390559285e+03 1.002194264605838603e+00
6.612574943165524019e+03 1.000990973988351795e+00
6.612594941940488752e+03 1.000167049149566667e+00
6.612614940715454395e+03 9.994008598587407199e-01
6.612634939490415491e+03 9.971993226032196400e-01
6.612655038259254979e+03 9.965232954048379721e-01
6.612675037034220622e+03 9.969408994605251095e-01
6.612695035809183537e+03 9.952276508719130055e-01
6.612715034584148270e+03 9.927285193298354127e-01
6.612735033359110275e+03 9.897780912876751325e-01
6.612755132127953402e+03 9.856297164507386022e-01
6.612775130902915407e+03 9.797344650850111636e-01
6.612795129677881960e+03 9.730134268269883258e-01
6.612815128452843055e+03 9.644355936638329130e-01
6.612835127227807789e+03 9.549667800520159622e-01
6.612855225996647277e+03 9.444396781385578921e-01
6.612875224771612920e+03 9.292505837914691869e-01
6.612894723577203877e+03 9.137527696108010966e-01
6.612914722352165882e+03 8.976546655365332805e-01
6.612934721127132434e+03 8.794966720546618655e-01
6.612954819895971013e+03 8.650551163499310414e-01
6.612974818670933018e+03 8.508291496583649804e-01
6.612994817445897752e+03 8.363937262968981212e-01
6.613014816220864304e+03 8.227935375476512769e-01
6.613034814995828128e+03 8.128151876026428191e-01
6.613054913764666708e+03 8.082664566941666351e-01
6.613074912539630532e+03 8.080837850927411470e-01
6.613094911314596175e+03 8.091592045421155399e-01
6.613114910089560908e+03 8.114608640575764475e-01
6.613134908864526551e+03 8.150666059553687282e-01
6.613155007633361492e+03 8.187833018436839749e-01
6.613175006408327135e+03 8.223712685511361808e-01
6.613195005183292778e+03 8.260697622330116507e-01
6.613215003958255693e+03 8.261148596446066250e-01
6.613235002733220426e+03 8.241583283110954783e-01
6.613255101502059915e+03 8.181916445037135110e-01
6.613275100277023739e+03 8.093492558244551605e-01
6.613295099051987563e+03 7.999171621346300443e-01
6.613315097826954116e+03 7.907995314812450438e-01
6.613335096601916121e+03 7.865381503855294332e-01
6.613355195370755609e+03 7.837235600992639162e-01
6.613375194145719433e+03 7.823230681062075531e-01
6.613394692951310390e+03 7.834146728418643901e-01
6.613414691726275123e+03 7.853294879808995210e-01
6.613434690501237128e+03 7.888801015332734812e-01
6.613454789270077526e+03 7.940674850466432622e-01
6.613474788045041350e+03 7.988999764474548071e-01
6.613494786820006084e+03 8.034619499628904427e-01
6.613514785594970817e+03 8.101912950970895366e-01
6.613534784369935551e+03 8.160101965222636977e-01
6.613554883138775040e+03 8.210999143491086727e-01
6.613574881913737954e+03 8.262743954281345227e-01
6.613594880688704507e+03 8.286874805232775643e-01
6.613614879463667421e+03 8.295288032047463123e-01
6.613634878238632155e+03 8.298655685412794636e-01
6.613654977007469824e+03 8.316848931434962511e-01
6.613674975782435467e+03 8.346886216763850230e-01
6.613694974557398382e+03 8.413632956468496404e-01
6.613714973332364025e+03 8.507519876505048595e-01
6.613734972107327849e+03 8.607060263040412496e-01
6.613755070876167338e+03 8.670495047174630043e-01
6.613775069651132071e+03 8.745725358101595903e-01
6.613795068426095895e+03 8.822979942235609219e-01
6.613815067201059719e+03 8.900834430091421057e-01
6.613835065976024453e+03 8.966138388879143495e-01
6.613855164744863941e+03 9.038588359373952441e-01
6.613875163519826856e+03 9.135671655101602617e-01
6.613894662325416903e+03 9.199636794290688702e-01
6.613914661100382546e+03 9.271029322615975676e-01
6.613934659875345460e+03 9.361752922750956607e-01
6.613954758644185858e+03 9.404142929516200455e-01
6.613974757419149682e+03 9.442776893875598487e-01
6.613994756194113506e+03 9.472860689542862422e-01
6.614014754969077330e+03 9.514623239155566292e-01
6.614034753744042064e+03 9.557497442057569792e-01
6.614054852512879734e+03 9.599608006378855807e-01
6.614074851287846286e+03 9.592034666231954443e-01
6.614094850062811020e+03 9.616701950150232658e-01
6.614114848837775753e+03 9.649679407330767900e-01
6.614134847612739577e+03 9.664106110788452941e-01
6.614154946381577247e+03 9.691325654800561074e-01
6.614174945156541980e+03 9.716209379105807953e-01
6.614194943931505804e+03 9.724351913162382344e-01
6.614214942706472357e+03 9.766058128767020063e-01
6.614234941481436181e+03 9.795632759214852880e-01
6.614255040250274760e+03 9.789766990998096663e-01
6.614275039025238584e+03 9.790258475040104491e-01
6.614295037800203318e+03 9.797504362369716668e-01
6.614315036575167142e+03 9.816768020654143001e-01
6.614335035350132785e+03 9.819731076276834170e-01
6.614355134118972273e+03 9.830431210267152053e-01
6.614375132893937007e+03 9.846066301568628942e-01
6.614394631699526144e+03 9.842898267940166646e-01
6.614414630474489968e+03 9.853599031465755109e-01
6.614434629249455611e+03 9.871711580748534498e-01
6.614454728018291462e+03 9.868577809754532915e-01
6.614474726793255286e+03 9.879870001195411033e-01
6.614494725568221838e+03 9.894350482553595505e-01
6.614514724343184753e+03 9.910329689691558253e-01
6.614534723118151305e+03 9.913631387145879215e-01
6.614554821886988975e+03 9.914858044109836621e-01
6.614574820661953709e+03 9.921608352405982822e-01
6.614594819436917533e+03 9.956397718518285034e-01
6.614614818211882266e+03 9.980394853551871615e-01
6.614634816986846090e+03 9.969586575995104116e-01
6.614654915755684669e+03 9.993726085596440489e-01
6.614674914530651222e+03 1.000615082149410862e+00
