6.621994266179832266e+03 9.992509945542490390e-01
6.622014264954798819e+03 9.997259806586622499e-01
6.622034263729762642e+03 9.996700393049797739e-01
6.622054362498601222e+03 9.995103643605067756e-01
6.622074361273565046e+03 9.990012539851957918e-01
6.622094360048531598e+03 9.997804595007044881e-01
6.622114358823493603e+03 9.997374711688626903e-01
6.622134357598458337e+03 9.990600918622437598e-01
6.622154456367297826e+03 1.000000905966122788e+00
6.622174455142260740e+03 9.995954265665458749e-01
6.622194453917227293e+03 9.983808690773299244e-01
6.622214452692191117e+03 9.965579578432401942e-01
6.622234451467154031e+03 9.980425691573538982e-01
6.622254550235992610e+03 9.989703289649234375e-01
6.622274549010958253e+03 9.978594897773510608e-01
6.622294547785923896e+03 9.964704280440791484e-01
6.622314546560888630e+03 9.957803885214575601e-01
6.622334545335849725e+03 9.955304498548901426e-01
6.622354644104690124e+03 9.952739056544633867e-01
6.622374642879655767e+03 9.944739567070188802e-01
6.622394141685243994e+03 9.931377190122028242e-01
6.622414140460206909e+03 9.925320025907800048e-01
6.622434139235172552e+03 9.903928162812397629e-01
6.622454238004013860e+03 9.882859617261965379e-01
6.622474236778977684e+03 9.860499805455482658e-01
6.622494235553941508e+03 9.868032310874873536e-01
6.622514234328905331e+03 9.868835863980234269e-01
6.622534233103869155e+03 9.865563573666159547e-01
6.622554331872707735e+03 9.845534452564905781e-01
6.622574330647671559e+03 9.844203801252550123e-01
6.622594329422638111e+03 9.845072669632393136e-01
6.622614328197601935e+03 9.831904319393460767e-01
6.622634326972564850e+03 9.841829474108850784e-01
6.622654425741405248e+03 9.855439516580577486e-01
6.622674424516369072e+03 9.873448568088436517e-01
6.622694423291333806e+03 9.873798999969349843e-01
6.622714422066296720e+03 9.877318619578304704e-01
6.622734420841261453e+03 9.885041953587905272e-01
6.622754519610100033e+03 9.908673096348532550e-01
6.622774518385065676e+03 9.922991557943844354e-01
6.622794517160030409e+03 9.937697181432140203e-01
6.622814515934996052e+03 9.952078584199380851e-01
6.622834514709958967e+03 9.983983621960343946e-01
6.622854613478797546e+03 9.983747192271024140e-01
6.622874612253762280e+03 9.961591808486834898e-01
6.622894111059351417e+03 9.981086416781624893e-01
6.622914109834317060e+03 9.973739183622366555e-01
6.622934108609279974e+03 9.968784679059804477e-01
6.622954207378120373e+03 9.989949367129987712e-01
6.622974206153083287e+03 1.000561882110695189e+00
6.622994204928048930e+03 1.001339996999137449e+00
6.623014203703011844e+03 1.000947925587132525e+00
6.623034202477976578e+03 9.990431458430879541e-01
6.623054301246815157e+03 9.996206882223581669e-01
6.623074300021779891e+03 1.001271416123765912e+00
6.623094298796742805e+03 1.001073317118657213e+00
6.623114297571708448e+03 1.001431124739803558e+00
6.623134296346672272e+03 1.001485117349235843e+00
6.623154395115511761e+03 1.000375526433688655e+00
