6.629977455657214705e+03 1.001085657279026320e+00
6.629997555164140067e+03 9.999902533055040621e-01
6.630017554673516315e+03 9.989351659521135129e-01
6.630037554182897111e+03 9.981867654916264376e-01
6.630057053704539612e+03 1.000331538336664439e+00
6.630077053213920408e+03 1.000040382642227721e+00
6.630097152720846680e+03 9.988984962815462554e-01
6.630117152230225656e+03 9.973222926288405343e-01
6.630137151739602814e+03 9.987907085259505324e-01
6.630157151248983610e+03 9.995066898933043786e-01
6.630177150758361677e+03 9.994412317488448050e-01
6.630197250265287039e+03 9.988491170525425344e-01
6.630217249774666016e+03 9.983841931562611460e-01
6.630237249284045902e+03 9.977455678078778201e-01
6.630257248793423059e+03 9.966148121586839714e-01
6.630277248302803855e+03 9.975855889308424818e-01
6.630297347809729217e+03 9.965764856935935834e-01
6.630317347319106375e+03 9.948955715021877699e-01
6.630337346828486261e+03 9.957679505448849833e-01
6.630357346337866147e+03 9.936179208889394099e-01
6.630377345847246033e+03 9.922320941732422073e-01
6.630397445354167758e+03 9.921433898986676825e-01
6.630417444863548553e+03 9.898483201499614914e-01
6.630437444372928439e+03 9.892034965895174503e-01
6.630457443882306507e+03 9.884312372782346756e-01
6.630477443391684574e+03 9.857131293457997989e-01
6.630497542898609936e+03 9.844833580506591186e-01
6.630517542407989822e+03 9.843190045159539991e-01
6.630537541917366980e+03 9.848206717187187875e-01
6.630557041439011300e+03 9.836478900705912798e-01
6.630577040948393915e+03 9.856380774562657487e-01
6.630597140455319277e+03 9.868639587916020472e-01
6.630617139964698254e+03 9.858713636852467488e-01
6.630637139474077230e+03 9.887248334828386831e-01
6.630657138983453478e+03 9.885373929284155814e-01
6.630677138492833365e+03 9.878633583328411127e-01
6.630697237999758727e+03 9.904218153696872085e-01
6.630717237509139522e+03 9.901359245158508626e-01
6.630737237018517590e+03 9.903192619882308367e-01
6.630757236527895657e+03 9.910355922956372021e-01
6.630777236037274633e+03 9.915897447612398441e-01
6.630797335544200905e+03 9.919354921505405542e-01
6.630817335053578972e+03 9.926113680861179400e-01
6.630837334562957949e+03 9.941795450273352985e-01
6.630857334072337835e+03 9.944035800044608298e-01
6.630877333581715902e+03 9.941872647739176116e-01
6.630897433088641264e+03 9.941796711088172200e-01
6.630917432598020241e+03 9.972082889243908399e-01
6.630937432107401037e+03 9.959431886764834596e-01
6.630957431616778194e+03 9.956167885541690188e-01
6.630977431126157171e+03 9.965884569246057367e-01
6.630997530633085262e+03 1.000191328556942150e+00
6.631017530142461510e+03 1.001308057628583326e+00
6.631037529651841396e+03 1.001259951327213793e+00
6.631057029173485716e+03 9.993159819126951060e-01
6.631077028682863784e+03 9.991576980576183376e-01
6.631097128189787327e+03 1.000390574593711168e+00
6.631117127699169032e+03 1.002127645429084390e+00
6.631137127208548009e+03 1.001575277083815552e+00
6.631157126717927895e+03 9.998230143915111112e-01
6.631177126227305962e+03 9.992879427782370705e-01
