6.697746954579080921e+03 1.000162117940642137e+00
6.697766953584350631e+03 9.996218110406362989e-01
6.697786952589619432e+03 9.985748696194465257e-01
6.697806951594885504e+03 9.977204578489032860e-01
6.697826950600156124e+03 9.998910529196105568e-01
6.697846949605424015e+03 1.002293130859126080e+00
6.697866948610691907e+03 1.004312496113436426e+00
6.697886947615958888e+03 1.005076663558148065e+00
6.697906946621227689e+03 1.004788087092114202e+00
6.697926945626497400e+03 1.004072908227194416e+00
6.697946944631761653e+03 1.003138153632568086e+00
6.697966943637035911e+03 1.000117677984037723e+00
6.697986942642301983e+03 1.000161320614054494e+00
6.698006941647567146e+03 1.001417073812285619e+00
6.698026940652836856e+03 1.002705887959593589e+00
6.698046939658106567e+03 1.002741052748509221e+00
6.698066938663374458e+03 1.001810188904963095e+00
6.698086937668641440e+03 9.994121357912314485e-01
6.698106936673910241e+03 9.997403747506438121e-01
6.698126935679179041e+03 9.989373914833372670e-01
6.698146934684444204e+03 9.976827126707518145e-01
6.698166933689713005e+03 1.000500267453913850e+00
6.698186932694980896e+03 9.942337201761056731e-01
6.698206931700249697e+03 9.918977997324752716e-01
6.698226930705518498e+03 9.946597521138452747e-01
6.698246929710786389e+03 9.946950544117763027e-01
6.698266928716056100e+03 9.935526322059643478e-01
6.698286927721323991e+03 9.919751708515801569e-01
6.698306926726591882e+03 9.889019026670150536e-01
6.698326925731858864e+03 9.876538881129097724e-01
6.698346924737129484e+03 9.872504275324385237e-01
6.698366923742397375e+03 9.868345758724376138e-01
6.698386922747663448e+03 9.858917317075301945e-01
6.698406921752933158e+03 9.854670219404175757e-01
6.698426920758200140e+03 9.867706239242477473e-01
6.698446919763467122e+03 9.857937240752556729e-01
6.698466918768736832e+03 9.847275350350102041e-01
6.698486917774003814e+03 9.838048852615102202e-01
6.698506916779273524e+03 9.839609524366170756e-01
6.698526915784541416e+03 9.839133503225061528e-01
6.698546914789807488e+03 9.834670572626742491e-01
6.698566913795079017e+03 9.807147214417681891e-01
6.698586912800346909e+03 9.796256709641809612e-01
6.698606911805613890e+03 9.785512519186210234e-01
6.698626910810882691e+03 9.769858374479583052e-01
6.698646909816150583e+03 9.749888621834335023e-01
6.698666908821419383e+03 9.736487046736758133e-01
6.698686907826687275e+03 9.727942891046904572e-01
6.698706906831953347e+03 9.727845592408748132e-01
6.698726905837222148e+03 9.725581873392563637e-01
6.698746904842490949e+03 9.714746743908959647e-01
6.698766903847761569e+03 9.670310635510300790e-01
6.698786902853027641e+03 9.670125210577852348e-01
6.698806901858292804e+03 9.664373989277093013e-01
6.698826900863566152e+03 9.645327454825484148e-01
6.698846899868833134e+03 9.624669752323655736e-01
6.698866898874102844e+03 9.598511118530853592e-01
6.698886897879368917e+03 9.570656251600963005e-01
6.698906896884636808e+03 9.539063001098055938e-01
6.698926895889905609e+03 9.510586205304838447e-01
6.698946894895174410e+03 9.486204688668449236e-01
6.698966893900439572e+03 9.465391011225512408e-01
6.698986892905707464e+03 9.447963387221778309e-01
6.699006891910979903e+03 9.427530944458754059e-01
6.699026890916243246e+03 9.406743442546192657e-01
6.699046889921513866e+03 9.378607961392052550e-01
6.699066888926782667e+03 9.385905306538652182e-01
6.699086887932051468e+03 9.399152199013974807e-01
6.699106886937317540e+03 9.386474353197913345e-01
6.699126885942587251e+03 9.388336052061683201e-01
6.699146884947854232e+03 9.384606377857364068e-01
6.699166883953122124e+03 9.366650166188817961e-01
6.699186882958393653e+03 9.382086196725687444e-01
6.699206881963659725e+03 9.383624652988808990e-01
6.699226880968925798e+03 9.379529513897606474e-01
6.699246879974194599e+03 9.398341407369139588e-01
6.699266878979465218e+03 9.399939973242794622e-01
6.699286877984731291e+03 9.412420074099094869e-01
6.699306876990001911e+03 9.462717763319195008e-01
6.699326875995266164e+03 9.520958511115372724e-01
6.699346875000535874e+03 9.562334398685197190e-01
6.699366874005806494e+03 9.586937945751826673e-01
6.699386873011071657e+03 9.620288900100743001e-01
6.699406872016341367e+03 9.657134906010784725e-01
6.699426871021608349e+03 9.690006513014152167e-01
6.699446870026874421e+03 9.703151538873471260e-01
6.699466869032146860e+03 9.750108548108478157e-01
6.699486868037413842e+03 9.775601727581421097e-01
6.699506867042680824e+03 9.762216321885119896e-01
6.699526866047948715e+03 9.785225367193315371e-01
6.699546865053220245e+03 9.803481777359172034e-01
6.699566864058485407e+03 9.817963537405781649e-01
6.699586863063753299e+03 9.847216192210950236e-01
6.699606862069023919e+03 9.835619753800335374e-01
6.699626861074291810e+03 9.813783217219778088e-01
6.699646860079556973e+03 9.778743101524928205e-01
6.699666859084827593e+03 9.833211101838426060e-01
6.699686858090092755e+03 9.868958224871787754e-01
6.699706857095362466e+03 9.889693442034940274e-01
6.699726856100631267e+03 9.989158922157390652e-01
6.699746855105900977e+03 9.945212433974233157e-01
6.699766854111167959e+03 9.875603386972902076e-01
6.699786853116435850e+03 9.886890680913853480e-01
6.699806852121702832e+03 9.865689665088008820e-01
6.699826851126971633e+03 9.848107413162640045e-01
6.699846850132240434e+03 9.842495587947845959e-01
6.699866849137508325e+03 9.846331917360728880e-01
6.699886848142776216e+03 9.841907273888167440e-01
6.699906847148045927e+03 9.839278798622730360e-01
6.699926846153313818e+03 9.869749924904616112e-01
6.699946845158582619e+03 9.864117767380374824e-01
6.699966844163850510e+03 9.867287253457652785e-01
6.699986843169117492e+03 9.900690748735894164e-01
6.700006842174383564e+03 9.921799340755125263e-01
6.700026841179653275e+03 9.931976451851923793e-01
6.700046840184921166e+03 9.936442330384060995e-01
6.700066839190191786e+03 9.942172271744387224e-01
6.700086838195459677e+03 9.964104133349890313e-01
6.700106837200725749e+03 9.984489514259716758e-01
6.700126836205993641e+03 9.996945178385945319e-01
6.700146835211265170e+03 1.000196806307012132e+00
6.700166834216533061e+03 1.000274676842532573e+00
6.700186833221800953e+03 9.998001394954244558e-01
6.700206832227068844e+03 9.991000762268738011e-01
6.700226831232337645e+03 9.993250529679047478e-01
6.700246830237604627e+03 9.996959742682531846e-01
6.700266829242870699e+03 9.994134080860235247e-01
