6.739593838720292297e+03 1.004380416378488627e+00
6.739613838231814952e+03 1.000953098796890206e+00
6.739633837743342156e+03 9.996710114030493699e-01
6.739653837254866630e+03 1.000869681815985901e+00
6.739673836766392924e+03 1.000793563962575794e+00
6.739693836277919218e+03 1.001123211655581269e+00
6.739713835789445511e+03 1.001038686443250780e+00
6.739733835300971805e+03 9.984433596684738621e-01
6.739753834812497189e+03 9.998723364012127579e-01
6.739773834324024392e+03 1.000765215612140491e+00
6.739793833835547957e+03 1.000598405654612666e+00
6.739813833347075160e+03 1.001739509317978838e+00
6.739833832858598726e+03 1.001447742443797306e+00
6.739853832370125929e+03 1.001062123378357205e+00
6.739873831881649494e+03 1.000626952121605351e+00
6.739893831393174878e+03 1.002203950110828634e+00
6.739913830904702991e+03 1.005513673437975708e+00
6.739933830416228375e+03 9.991018211664857152e-01
6.739953829927754668e+03 9.979965976223087454e-01
6.739973829439279143e+03 9.985347566190784230e-01
6.739993828950806346e+03 9.977455652792392993e-01
6.740013828462332640e+03 9.993173152917991242e-01
6.740033827973858024e+03 1.000855222565607994e+00
6.740053827485383408e+03 9.981916272152770997e-01
6.740073826996906064e+03 9.979523845145421568e-01
6.740093826508435086e+03 1.001348078024367982e+00
6.740113826019962289e+03 9.991088899376318055e-01
6.740133825531485854e+03 1.000046370858372669e+00
6.740153825043010329e+03 9.991455379737783637e-01
6.740173824554537532e+03 9.993160608337898765e-01
6.740193824066062007e+03 9.993680945311957942e-01
6.740213823577589210e+03 9.984403301501112438e-01
6.740233823089111866e+03 9.987631137443548912e-01
6.740253822600639978e+03 9.965301229173089137e-01
6.740273822112165362e+03 9.965254552560045553e-01
6.740293821623692565e+03 9.954575547752869680e-01
6.740313821135218859e+03 9.957196780745105613e-01
6.740333820646742424e+03 9.958220572789981961e-01
6.740353820158270537e+03 9.957098251281947254e-01
6.740373819669792283e+03 9.966106346130356730e-01
6.740393819181317667e+03 9.981040168612609342e-01
6.740413818692848508e+03 9.965454308846268816e-01
6.740433818204371164e+03 9.953195178855503977e-01
6.740453817715897458e+03 9.935667597326660605e-01
6.740473817227424661e+03 9.960315470601804888e-01
6.740493816738946407e+03 9.939197023438341994e-01
6.740513816250475429e+03 9.943763992822969300e-01
6.740533815762000813e+03 9.954625399158387733e-01
6.740553815273528016e+03 9.983588179114133432e-01
6.740573814785053401e+03 9.943442401964307509e-01
6.740593814296578785e+03 9.930967927812027751e-01
6.740613813808102350e+03 9.982418386418556722e-01
6.740633813319629553e+03 9.959511026177156889e-01
6.740653812831154028e+03 9.928739405395952122e-01
6.740673812342681231e+03 9.926300532738889792e-01
6.740693811854206615e+03 9.935235831558852926e-01
6.740713811365732909e+03 9.973184106954589012e-01
6.740733810877258293e+03 9.968378895948807328e-01
6.740753810388785496e+03 9.931327701653568374e-01
6.740773809900311790e+03 9.943136631172621032e-01
6.740793809411836264e+03 9.942518771201239725e-01
6.740813808923359829e+03 9.942223705315990090e-01
6.740833808434886123e+03 9.948939028476304625e-01
6.740853807946413326e+03 9.922955848497759801e-01
6.740873807457937801e+03 9.955658831469161862e-01
6.740893806969466823e+03 9.975651640460875269e-01
6.740913806480991298e+03 9.936344309841017575e-01
6.740933805992517591e+03 9.979750976653266603e-01
6.740953805504041156e+03 9.991011084306713474e-01
6.740973805015566541e+03 9.930322875083508194e-01
6.740993804527092834e+03 9.926535515519859798e-01
6.741013804038620037e+03 9.922874070177873929e-01
6.741033803550142693e+03 9.980720082403401472e-01
6.741053803061670806e+03 9.972213166013630392e-01
6.741073802573196190e+03 9.940724046959746873e-01
6.741093802084721574e+03 9.957493937609790402e-01
6.741113801596248777e+03 9.968041657254796961e-01
6.741133801107775071e+03 9.981101849074001109e-01
6.741153800619301364e+03 9.982085193127910872e-01
6.741173800130825839e+03 1.000243950482252897e+00
6.741193799642351223e+03 1.000113638968398666e+00
6.741213799153878426e+03 9.989241721089581194e-01
6.741233798665401082e+03 9.990263563447755457e-01
6.741253798176930104e+03 1.003985175543424591e+00
6.741273797688454579e+03 1.000836343084885893e+00
6.741293797199979053e+03 9.999257385737500003e-01
6.741313796711506257e+03 1.000005891790043400e+00
6.741333796223028912e+03 1.002308010989361398e+00
6.741353795734557025e+03 1.003641533418584864e+00
6.741373795246082409e+03 1.001851985077994112e+00
6.741393794757607793e+03 9.988918389307521739e-01
6.741413794269134087e+03 1.000217135372996280e+00
6.741433793780660380e+03 9.988768634678989455e-01
6.741453793292183946e+03 9.963138982510016950e-01
6.741473792803711149e+03 9.990050840485754646e-01
6.741493792315237442e+03 1.001493979568245374e+00
6.741513791826763736e+03 9.998229019384025085e-01
6.741533791338288211e+03 9.967810517342382548e-01
6.741553790849813595e+03 1.001626261572890142e+00
6.741573790361339888e+03 1.000132428093390979e+00
6.741593789872864363e+03 9.973652565598004616e-01
6.741613789384395204e+03 9.963891637600683637e-01
6.741633788895916950e+03 1.001066416772627976e+00
6.741653788407443244e+03 1.002183512572724533e+00
6.741673787918968628e+03 9.995037763516435581e-01
6.741693787430493103e+03 9.984898705876327218e-01
6.741713786942020306e+03 9.999341138754470615e-01
6.741733786453549328e+03 1.000495774239001712e+00
6.741753785965071984e+03 1.000740893388964992e+00
6.741773785476597368e+03 9.989843814895152940e-01
6.741793784988125481e+03 1.000714616166087811e+00
6.741813784499648136e+03 1.000917262041688183e+00
6.741833784011173520e+03 9.991433662341377975e-01
6.741853783522699814e+03 1.002288686831095399e+00
6.741873783034228836e+03 1.000675394022075393e+00
