6.764393233012415294e+03 9.978632694777317402e-01
6.764413232523940678e+03 9.997542121762948986e-01
6.764433232035467881e+03 1.001293170143461753e+00
6.764453231546993266e+03 1.002412755229938002e+00
6.764473231058519559e+03 9.989661740386330813e-01
6.764493230570047672e+03 9.972166856457356232e-01
6.764513230081571237e+03 9.983280920327614050e-01
6.764533229593101169e+03 1.001288223165537561e+00
6.764553229104622005e+03 1.001307695784309004e+00
6.764573228616151937e+03 9.972560478476112378e-01
6.764593228127674593e+03 9.971406302028419377e-01
6.764613227639204524e+03 9.977260546102377781e-01
6.764633227150728999e+03 9.990938023256661360e-01
6.764653226662253473e+03 1.000354854861005061e+00
6.764673226173777039e+03 1.000546890606085704e+00
6.764693225685304242e+03 9.999195103485507552e-01
6.764713225196833264e+03 1.000522743722353836e+00
6.764733224708358648e+03 1.000182553295602572e+00
6.764753224219884942e+03 9.993516451333854800e-01
6.764773223731410326e+03 9.992556271509854815e-01
6.764793223242935710e+03 9.975848666620161787e-01
6.764813222754462913e+03 9.954100060415094209e-01
6.764833222265988297e+03 9.954840477324331527e-01
6.764853221777516410e+03 9.949888664983834730e-01
6.764873221289041794e+03 9.944500599217490633e-01
6.764893220800568997e+03 9.943785298426576214e-01
6.764913220312093472e+03 9.940750866756361548e-01
6.764933219823618856e+03 9.939428627470467958e-01
6.764953219335145150e+03 9.956703038658939464e-01
6.764973218846671443e+03 9.920730220279925238e-01
6.764993218358197737e+03 9.884899795265977840e-01
6.765013217869722212e+03 9.879394632219623551e-01
6.765033217381252143e+03 9.888300893111060530e-01
6.765053216892776618e+03 9.890523921728827661e-01
6.765073216404300183e+03 9.862069467982867987e-01
6.765093215915826477e+03 9.885102213824880080e-01
6.765113215427353680e+03 9.895878560840672966e-01
6.765133214938881792e+03 9.870829933463299843e-01
6.765153214450406267e+03 9.896400958519276925e-01
6.765173213961932561e+03 9.904608041377032102e-01
6.765193213473455216e+03 9.881552730635222437e-01
6.765213212984981510e+03 9.895212884247529539e-01
6.765233212496511442e+03 9.912038045291716726e-01
6.765253212008036826e+03 9.935002977370839261e-01
6.765273211519560391e+03 9.935827957231636587e-01
6.765293211031088504e+03 9.934335447786700746e-01
6.765313210542612069e+03 9.930469300623624429e-01
6.765333210054142000e+03 9.907436670520818334e-01
6.765353209565667385e+03 9.901863496852838509e-01
6.765373209077193678e+03 9.906703776463831046e-01
6.765393208588717243e+03 9.908377699826597107e-01
6.765413208100247175e+03 9.934619382625025086e-01
6.765433207611773469e+03 9.968737874219357753e-01
6.765453207123298853e+03 9.939929597423939889e-01
6.765473206634822418e+03 9.948290551062709541e-01
6.765493206146349621e+03 9.962097491693632234e-01
6.765513205657875005e+03 9.932315550736555698e-01
6.765533205169402208e+03 9.945108401574868084e-01
6.765553204680930321e+03 9.964686624448145791e-01
6.765573204192453886e+03 9.983004813557717627e-01
6.765593203703980180e+03 9.964955931311556547e-01
6.765613203215506473e+03 9.946875651436292154e-01
6.765633202727030948e+03 9.942554403689221054e-01
6.765653202238557242e+03 9.958653634027837542e-01
6.765673201750087173e+03 9.974065369120246327e-01
6.765693201261612558e+03 9.979336318456398791e-01
6.765713200773137942e+03 1.001958261516542770e+00
6.765733200284663326e+03 1.002741282715707838e+00
6.765753199796189620e+03 9.970317332601559279e-01
6.765773199307713185e+03 9.986626797214243068e-01
6.765793198819238569e+03 1.000360288322576841e+00
6.765813198330764862e+03 1.002435611493872836e+00
6.765833197842290247e+03 1.002465203552524553e+00
6.765853197353816540e+03 1.002519803619881467e+00
6.765873196865347381e+03 1.002521779337203656e+00
6.765893196376873675e+03 1.001618244141310177e+00
6.765913195888396331e+03 1.002077298477795919e+00
6.765933195399922624e+03 1.003340558901794966e+00
6.765953194911449827e+03 1.003210731818058310e+00
6.765973194422977031e+03 1.002623687148603393e+00
6.765993193934502415e+03 1.001606744629489620e+00
