6.769313112847839875e+03 1.001005344726503488e+00
6.769333112359364350e+03 1.000641616144151369e+00
6.769353111870888824e+03 9.958854652367518101e-01
6.769373111382415118e+03 9.973369634770212766e-01
6.769393110893943231e+03 9.992742376405986393e-01
6.769413110405465886e+03 1.001792894333345174e+00
6.769433109916993999e+03 1.002516143509625479e+00
6.769453109428521202e+03 1.001202674882604393e+00
6.769473108940044767e+03 9.974242974823660512e-01
6.769493108451574699e+03 9.977743477459745103e-01
6.769513107963098264e+03 9.973320428149641259e-01
6.769533107474625467e+03 9.966107591548162281e-01
6.769553106986149032e+03 9.986544495239431107e-01
6.769573106497674416e+03 9.978882173219518759e-01
6.769593106009205258e+03 9.965020930684188594e-01
6.769613105520730642e+03 9.965625536336945034e-01
6.769633105032258754e+03 9.955347155429060679e-01
6.769653104543781410e+03 9.949383831979933257e-01
6.769673104055307704e+03 9.962493732121168177e-01
6.769693103566834907e+03 9.962201368511218735e-01
6.769713103078360291e+03 9.967668089373356022e-01
6.769733102589886585e+03 9.987299798727695688e-01
6.769753102101411969e+03 9.955174628444628526e-01
6.769773101612940991e+03 9.930032658235474763e-01
6.769793101124464556e+03 9.910266366199697030e-01
6.769813100635990850e+03 9.917538986336743578e-01
6.769833100147516234e+03 9.922116429390539505e-01
6.769853099659042527e+03 9.926420839844650734e-01
6.769873099170568821e+03 9.916201683943979273e-01
6.769893098682095115e+03 9.906965210579729009e-01
6.769913098193620499e+03 9.899096052332154727e-01
6.769933097705148612e+03 9.885664274946192043e-01
6.769953097216673086e+03 9.895960126629599340e-01
6.769973096728201199e+03 9.897573791008583699e-01
6.769993096239728402e+03 9.853237422196561290e-01
6.770013095751251967e+03 9.887256940621759194e-01
6.770033095262779170e+03 9.914350201206725277e-01
6.770053094774304554e+03 9.926853587644591803e-01
6.770073094285829939e+03 9.940087505936666679e-01
6.770093093797357142e+03 9.948478863445228138e-01
6.770113093308883435e+03 9.953657497980263891e-01
6.770133092820408820e+03 9.924870440350997969e-01
6.770153092331932385e+03 9.940921476877891960e-01
6.770173091843460497e+03 9.974340597524726792e-01
6.770193091354988610e+03 9.966806323647722232e-01
6.770213090866513994e+03 9.997866168320758140e-01
6.770233090378038469e+03 1.002638245314344756e+00
6.770253089889566581e+03 9.998589359247194164e-01
6.770273089401091966e+03 9.982027892240645794e-01
6.770293088912616440e+03 9.974862762404022032e-01
6.770313088424143643e+03 9.992571824262194147e-01
6.770333087935669937e+03 9.981973164823819689e-01
6.770353087447196231e+03 9.987215025366870114e-01
6.770373086958724343e+03 1.001520762843207013e+00
6.770393086470249727e+03 9.996870401451501964e-01
6.770413085981774202e+03 9.992279210092405162e-01
6.770433085493301405e+03 9.995418710320829181e-01
6.770453085004828608e+03 1.000286980355948652e+00
6.770473084516356721e+03 1.001286943357707626e+00
6.770493084027880286e+03 1.001933581107311122e+00
6.770513083539407489e+03 9.983595547871114695e-01
6.770533083050932873e+03 9.998464526033056243e-01
