6.826191723629240187e+03 9.999077951737349590e-01
6.826211723140769209e+03 9.996389175494323487e-01
6.826231722652296412e+03 9.942253011087506254e-01
6.826251722163821796e+03 9.993972694409525293e-01
6.826271721675348090e+03 1.001240858117126820e+00
6.826291721186874383e+03 1.004359541798953037e+00
6.826311720698403406e+03 1.003892195562656076e+00
6.826331720209929699e+03 1.002142996665186470e+00
6.826351719721455083e+03 1.003740250173786208e+00
6.826371719232982286e+03 1.002752965699766241e+00
6.826391718744506761e+03 1.001405183605448501e+00
6.826411718256038512e+03 1.000268007271693627e+00
6.826431717767563896e+03 1.002208191951644789e+00
6.826451717279091099e+03 9.979727422720052754e-01
6.826471716790618302e+03 1.001869206366511778e+00
6.826491716302144596e+03 1.001446593954714359e+00
6.826511715813672708e+03 9.982452043987138923e-01
6.826531715325199002e+03 1.001556878679553009e+00
6.826551714836724386e+03 1.001604541952481053e+00
6.826571714348252499e+03 9.981968858118984711e-01
6.826591713859779702e+03 9.967939639955328834e-01
6.826611713371304177e+03 9.976047131466472262e-01
6.826631712882833199e+03 1.000379857152019270e+00
6.826651712394357673e+03 9.992309741752785079e-01
6.826671711905885786e+03 9.943099487312956342e-01
6.826691711417412989e+03 9.986475076889144153e-01
6.826711710928941102e+03 9.991128225657807116e-01
6.826731710440471034e+03 9.975275014529324524e-01
6.826751709951993689e+03 9.978424499104976420e-01
6.826771709463517254e+03 9.945431262419401897e-01
6.826791708975046276e+03 9.955380269247283698e-01
6.826811708486571661e+03 9.944655079186432989e-01
6.826831707998100683e+03 9.942543544810091838e-01
6.826851707509629705e+03 9.947122309111220417e-01
6.826871707021155089e+03 9.924867884526779038e-01
6.826891706532682292e+03 9.877192337258015042e-01
6.826911706044210405e+03 9.890403196181317691e-01
6.826931705555738517e+03 9.885918507950208767e-01
6.826951705067262992e+03 9.893925330880649627e-01
6.826971704578792924e+03 9.889387716033496423e-01
6.826991704090316489e+03 9.906578455052214016e-01
6.827011703601841873e+03 9.881083996355218835e-01
6.827031703113369986e+03 9.910756589148415063e-01
6.827051702624899008e+03 9.881056202388858178e-01
6.827071702136426211e+03 9.879058754300874545e-01
6.827091701647951595e+03 9.887109364552877366e-01
6.827111701159476979e+03 9.885599521212568019e-01
6.827131700671005092e+03 9.907973052168093098e-01
6.827151700182531386e+03 9.917919425707718561e-01
6.827171699694057679e+03 9.901703591439999785e-01
6.827191699205584882e+03 9.944895906795531149e-01
6.827211698717111176e+03 9.956853376031572500e-01
6.827231698228640198e+03 9.929262982662323545e-01
6.827251697740166492e+03 9.941729216173234018e-01
6.827271697251693695e+03 9.956810969258569344e-01
6.827291696763219079e+03 9.929890911591247038e-01
6.827311696274746282e+03 9.930146194165959672e-01
6.827331695786275304e+03 9.960342875481141833e-01
6.827351695297802507e+03 9.930916572145668253e-01
6.827371694809326982e+03 9.955063597588634794e-01
6.827391694320853276e+03 9.953034716774602497e-01
6.827411693832380479e+03 9.961420952297063147e-01
6.827431693343906772e+03 9.964966921172261349e-01
6.827451692855435795e+03 9.958078843108477685e-01
6.827471692366963907e+03 9.985170903511471074e-01
6.827491691878489291e+03 9.981501702075492588e-01
6.827511691390015585e+03 9.958969792166215695e-01
6.827531690901544607e+03 9.958852338616273059e-01
6.827551690413070901e+03 9.975098891581842819e-01
6.827571689924597194e+03 9.982724880158054814e-01
6.827591689436123488e+03 9.964510507130328598e-01
6.827611688947649782e+03 9.972866272760196882e-01
6.827631688459175166e+03 9.971672422556697724e-01
6.827651687970703279e+03 9.931392374749700158e-01
6.827671687482232301e+03 9.924053910021828351e-01
6.827691686993757685e+03 9.977392233594866155e-01
6.827711686505283978e+03 9.967565540945018121e-01
6.827731686016812091e+03 9.949029138036535880e-01
6.827751685528337475e+03 9.981887371158838507e-01
6.827771685039867407e+03 9.971948513720181317e-01
6.827791684551390972e+03 9.994894773316018721e-01
6.827811684062919085e+03 9.956861907993339589e-01
6.827831683574447197e+03 9.955973722131985504e-01
6.827851683085970762e+03 9.984981221737914137e-01
6.827871682597497966e+03 9.985985157565383519e-01
6.827891682109028807e+03 9.984383007637855911e-01
6.827911681620553281e+03 9.989107580744919224e-01
6.827931681132083213e+03 9.980109446768693493e-01
6.827951680643606778e+03 9.987568289416783873e-01
6.827971680155134891e+03 9.992861892093057863e-01
6.827991679666662094e+03 9.998727234308679712e-01
6.828011679178188388e+03 9.988352034478616970e-01
6.828031678689717410e+03 1.003226921137776895e+00
6.828051678201243703e+03 1.001263740427740911e+00
