6.972568148501253745e+03 1.002139537214527421e+00
6.972588148012781858e+03 1.001621451327132428e+00
6.972608147524309970e+03 9.987019292933779768e-01
6.972628147035841721e+03 9.978274830115742011e-01
6.972648146547367105e+03 9.990850184172958004e-01
6.972668146058897946e+03 1.005058940551002644e+00
6.972688145570425149e+03 1.004398182034208276e+00
6.972708145081954171e+03 1.003974957546247104e+00
6.972728144593483194e+03 1.003012042218201394e+00
6.972748144105009487e+03 1.000261877327099258e+00
6.972768143616539419e+03 1.004667407479056918e+00
6.972788143128068441e+03 1.003608413036404468e+00
6.972808142639597463e+03 1.000524851378322477e+00
6.972828142151125576e+03 9.988057441548633397e-01
6.972848141662655507e+03 9.987539379739747147e-01
6.972868141174182711e+03 9.995629966829058244e-01
6.972888140685712642e+03 9.996570307366359209e-01
6.972908140197242574e+03 1.003416702809699190e+00
6.972928139708770686e+03 1.001451676162241844e+00
6.972948139220300618e+03 9.968008160986995270e-01
6.972968138731826912e+03 9.999196140411639178e-01
6.972988138243356843e+03 1.001132823486151624e+00
6.973008137754884046e+03 1.000920069309619187e+00
6.973028137266413978e+03 9.984733140730541745e-01
6.973048136777943000e+03 9.972034036918696609e-01
6.973068136289469294e+03 9.990944039500371243e-01
6.973088135800996497e+03 9.979523746929648276e-01
6.973108135312528248e+03 9.946436507664547788e-01
6.973128134824056360e+03 9.959600572392056650e-01
6.973148134335583563e+03 9.953141201561360729e-01
6.973168133847115314e+03 9.950559780654735231e-01
6.973188133358642517e+03 9.950314895634275736e-01
6.973208132870174268e+03 9.904300774140105679e-01
6.973228132381703290e+03 9.888162211807565161e-01
6.973248131893228674e+03 9.916049224746156243e-01
6.973268131404757696e+03 9.886750770798474752e-01
6.973288130916287628e+03 9.900196445266099543e-01
6.973308130427813921e+03 9.880348173663278111e-01
6.973328129939342944e+03 9.905093020167687889e-01
6.973348129450872875e+03 9.918825546597958009e-01
6.973368128962402807e+03 9.918826921335905933e-01
6.973388128473929100e+03 9.884158329000338750e-01
6.973408127985459032e+03 9.894805828404001913e-01
6.973428127496987145e+03 9.870152837199099860e-01
6.973448127008516167e+03 9.835160806429772418e-01
6.973468126520045189e+03 9.825921870783016487e-01
6.973488126031574211e+03 9.874680074624712089e-01
6.973508125543103233e+03 9.872470128962692604e-01
6.973528125054630436e+03 9.886066819935138694e-01
6.973548124566158549e+03 9.877697111979835132e-01
6.973568124077687571e+03 9.851968125140665444e-01
6.973588123589216593e+03 9.883837928142903406e-01
6.973608123100747434e+03 9.920153052440295882e-01
6.973628122612273728e+03 9.889583081802262310e-01
6.973648122123804569e+03 9.931008488390637989e-01
6.973668121635332682e+03 9.944669243225097155e-01
6.973688121146859885e+03 9.917476922930154037e-01
6.973708120658388907e+03 9.893919415721329491e-01
6.973728120169918839e+03 9.927378102869633958e-01
6.973748119681446042e+03 9.930576135193087683e-01
6.973768119192975973e+03 9.946735451856644206e-01
6.973788118704504086e+03 9.963369037318746679e-01
6.973808118216033108e+03 9.963432976328162605e-01
6.973828117727562130e+03 9.962945665069284917e-01
6.973848117239089333e+03 9.939298227604309588e-01
6.973868116750617446e+03 9.925997057274054125e-01
6.973888116262149197e+03 9.991097378380773275e-01
6.973908115773675490e+03 9.997740334688208774e-01
6.973928115285201784e+03 9.946762681637525416e-01
6.973948114796733535e+03 9.950906797253259439e-01
6.973968114308262557e+03 9.964793081877669767e-01
6.973988113819791579e+03 9.963315149741946986e-01
6.974008113331322420e+03 9.993569115722469309e-01
6.974028112842847804e+03 9.977032537312137128e-01
6.974048112354377736e+03 9.990339626351352198e-01
6.974068111865906758e+03 9.991765717699315763e-01
6.974088111377435780e+03 1.000198812135845383e+00
6.974108110888962074e+03 9.994987852418769636e-01
6.974128110400492915e+03 9.934829890518158679e-01
6.974148109912020118e+03 9.981801238672247667e-01
6.974168109423551869e+03 1.000418666817943114e+00
6.974188108935078162e+03 1.002766223022886427e+00
6.974208108446606275e+03 1.001353616615350717e+00
6.974228107958137116e+03 9.941617307659678104e-01
6.974248107469666138e+03 9.968654685749267497e-01
6.974268106981192432e+03 9.989153355349837948e-01
6.974288106492722363e+03 9.986180098185675202e-01
6.974308106004252295e+03 9.998587624896383419e-01
6.974328105515780408e+03 9.988137730990009899e-01
6.974348105027307611e+03 9.966099300248225656e-01
6.974368104538839361e+03 9.994524484632758554e-01
6.974388104050363836e+03 9.964714869523871865e-01
6.974408103561893768e+03 1.000787056952342935e+00
6.974428103073422790e+03 1.001848455169294105e+00
6.974448102584952721e+03 1.001142277187410556e+00
6.974468102096483562e+03 1.002714626743745896e+00
6.974488101608009856e+03 1.000094452516105736e+00
6.974508101119538878e+03 9.972356054219503330e-01
