6.991940112160372337e+03 9.979526794305660919e-01
6.991960111135817897e+03 1.002200744910934471e+00
6.991980110111268004e+03 1.002281364222868065e+00
6.992000109086717202e+03 1.000650260550525417e+00
6.992020108062169129e+03 1.001637332914188550e+00
6.992040107037615599e+03 1.000506994769428726e+00
6.992060106013063887e+03 9.973149271092655033e-01
6.992080104988513085e+03 9.957463748277773918e-01
6.992100103963964102e+03 9.965038395649516989e-01
6.992120102939411481e+03 1.000500515241062871e+00
6.992140101914863408e+03 1.001168945723571069e+00
6.992160100890312606e+03 1.001707935415663053e+00
6.992180099865758166e+03 1.003285992601806731e+00
6.992200098841209183e+03 1.002985114180545478e+00
6.992220097816655652e+03 1.002303857749679228e+00
6.992240096792106669e+03 1.002689971750150066e+00
6.992260095767554049e+03 1.002249587975257761e+00
6.992280094743005975e+03 1.001368365510729719e+00
6.992300093718451535e+03 1.001229813802099189e+00
6.992320092693902552e+03 9.999551841677221109e-01
6.992340091669352660e+03 9.976066893054972295e-01
6.992360090644800039e+03 9.922830567949879610e-01
6.992380089620250146e+03 9.868498562141007069e-01
6.992400088595699344e+03 9.818272011297112245e-01
6.992420087571147633e+03 9.780837827715436195e-01
6.992440086546595012e+03 9.763693302426162957e-01
6.992460085522046029e+03 9.760974003152290690e-01
6.992480084497494317e+03 9.721475478529684189e-01
6.992500083472943516e+03 9.647089439765920149e-01
6.992520082448395442e+03 9.580753531883078322e-01
6.992540081423841912e+03 9.520533168312604877e-01
6.992560080399292019e+03 9.475123130090350454e-01
6.992580079374739398e+03 9.438929436509152504e-01
6.992600078350185868e+03 9.385874052982059457e-01
6.992620077325639613e+03 9.315772232315574497e-01
6.992640076301085173e+03 9.263857773390268280e-01
6.992660075276536190e+03 9.207173278451524778e-01
6.992680074251986298e+03 9.137946331285802248e-01
6.992700073227437315e+03 9.093644699788089314e-01
6.992720072202882875e+03 9.062305700481846360e-01
6.992740071178333892e+03 9.053216990962591471e-01
6.992760070153783090e+03 9.049074216764418921e-01
6.992780069129232288e+03 9.046230876377749919e-01
6.992800068104677848e+03 9.048033790903854401e-01
6.992820067080125227e+03 9.079546917824771191e-01
6.992840066055576244e+03 9.116882251848952290e-01
6.992860065031024533e+03 9.110603369373847515e-01
6.992880064006475550e+03 9.121433482451546393e-01
6.992900062981923838e+03 9.150421059900750720e-01
6.992920061957375765e+03 9.193015152017536273e-01
6.992940060932820415e+03 9.239672087652692767e-01
6.992960059908274161e+03 9.290826806216327949e-01
6.992980058883719721e+03 9.315545004595493506e-01
6.993000057859168010e+03 9.336496866460012312e-01
6.993020056834619027e+03 9.356458532297021735e-01
6.993040055810066406e+03 9.346060372325031285e-01
6.993060054785516513e+03 9.334178901803281692e-01
6.993080053760965711e+03 9.315416625331297551e-01
6.993100052736414000e+03 9.320140240428218537e-01
6.993120051711862288e+03 9.384086583194071185e-01
6.993140050687311486e+03 9.478246089845600020e-01
6.993160049662761594e+03 9.602010531211444544e-01
6.993180048638209882e+03 9.595408366166764402e-01
6.993200047613658171e+03 9.570380396348291407e-01
6.993220046589107369e+03 9.530162367624371855e-01
6.993240045564557477e+03 9.570038799249620531e-01
6.993260044540005765e+03 9.591072139717053968e-01
6.993280043515456782e+03 9.614401074514514756e-01
6.993300042490904161e+03 9.599048462982047170e-01
6.993320041466353359e+03 9.623703334101419982e-01
6.993340040441802557e+03 9.661860163212320218e-01
6.993360039417253574e+03 9.701543817501431244e-01
6.993380038392700953e+03 9.733130416192546930e-01
6.993400037368148332e+03 9.763422632241407495e-01
6.993420036343598440e+03 9.793482492086976743e-01
6.993440035319046729e+03 9.821362244365714478e-01
6.993460034294495927e+03 9.846770394723214359e-01
6.993480033269947853e+03 9.860587002081671049e-01
6.993500032245397051e+03 9.862743112919876154e-01
6.993520031220844430e+03 9.857109251195705912e-01
6.993540030196294538e+03 9.865745686246319979e-01
6.993560029171743736e+03 9.879618418718904005e-01
6.993580028147193843e+03 9.898515560642326960e-01
6.993600027122640313e+03 9.907685675039523687e-01
6.993620026098087692e+03 9.916875075781029780e-01
6.993640025073535980e+03 9.923212905225911040e-01
6.993660024048987907e+03 9.910208109608585891e-01
6.993680023024436196e+03 9.893060049479547313e-01
6.993700021999886303e+03 9.856646342425114948e-01
6.993720020975334592e+03 9.884430376605234381e-01
6.993740019950783790e+03 9.947927516484389443e-01
6.993760018926232988e+03 1.001451228429742324e+00
6.993780017901681276e+03 1.001229380378913847e+00
6.993800016877132293e+03 9.967947528552602021e-01
6.993820015852579672e+03 9.979351182251474661e-01
6.993840014828028870e+03 9.999655000636281654e-01
6.993860013803480797e+03 1.002168193563748977e+00
6.993880012778926357e+03 1.001718283359815942e+00
