7.222468302176408542e+03 1.000547916169535423e+00
7.222488301151862288e+03 1.000914243589132946e+00
7.222508300127312395e+03 9.988666909745145261e-01
7.222528299102763413e+03 9.989921782266923955e-01
7.222548298078218977e+03 9.999359072936024884e-01
7.222568297053670904e+03 1.004199877419125198e+00
7.222588296029120102e+03 1.004088119016799618e+00
7.222608295004572028e+03 9.996499134253978847e-01
7.222628293980023955e+03 1.002200678934932920e+00
7.222648292955476791e+03 9.998512221032463954e-01
7.222668291930928717e+03 1.003072604247480015e+00
7.222688290906377915e+03 1.004209768079581400e+00
7.222708289881830751e+03 1.004089913693081204e+00
7.222728288857281768e+03 1.003728411496602968e+00
7.222748287832737333e+03 9.986381267821429208e-01
7.222768286808184712e+03 1.000632803336175325e+00
7.222788285783634819e+03 1.002764143905484850e+00
7.222808284759087655e+03 9.998463864375854993e-01
7.222828283734541401e+03 1.001242478612786480e+00
7.222848282709991508e+03 9.977688028610371962e-01
7.222868281685445254e+03 9.962308014170565551e-01
7.222888280660894452e+03 9.955466987611208962e-01
7.222908279636349107e+03 9.979097051784943107e-01
7.222928278611801034e+03 9.967478120341336512e-01
7.222948277587247503e+03 9.953030509336384668e-01
7.222968276562701249e+03 9.943474036477618627e-01
7.222988275538154085e+03 9.931822739713802584e-01
7.223008274513605102e+03 9.956992741238688271e-01
7.223028273489054300e+03 9.923996089309792268e-01
7.223048272464507136e+03 9.896615730872639904e-01
7.223068271439958153e+03 9.881424310984759929e-01
7.223088270415410989e+03 9.826411261529588437e-01
7.223108269390859277e+03 9.787579087553887058e-01
7.223128268366313932e+03 9.762359121534061046e-01
7.223148267341766768e+03 9.707483569362197473e-01
7.223168266317217785e+03 9.659573023591718766e-01
7.223188265292671531e+03 9.655036559259397855e-01
7.223208264268119819e+03 9.537472397408568447e-01
7.223228263243572655e+03 9.490287466961329077e-01
7.223248262219024582e+03 9.275779413243647742e-01
7.223268261194473780e+03 9.295847195491293569e-01
7.223288260169925707e+03 9.458989866433287208e-01
7.223308259145381271e+03 9.492781920255771722e-01
7.223328258120829560e+03 9.454329247983955797e-01
7.223348257096282396e+03 9.435255012685402898e-01
7.223368256071733413e+03 9.399695040837026117e-01
7.223388255047184430e+03 9.360384368779101072e-01
7.223408254022634537e+03 9.336835596121627612e-01
7.223428252998089192e+03 9.299106663419249852e-01
7.223448251973542028e+03 9.260522322190637423e-01
7.223468250948990317e+03 9.226246635619735903e-01
7.223488249924443153e+03 9.195576843605243189e-01
7.223508248899895079e+03 9.131602419038706842e-01
7.223528247875346096e+03 9.081884038593355246e-01
7.223548246850797113e+03 9.066477436483634245e-01
7.223568245826247221e+03 9.046661869101859654e-01
7.223588244801700057e+03 9.019947746863151705e-01
7.223608243777154712e+03 9.020432549495431829e-01
7.223628242752603001e+03 8.987017935386344414e-01
7.223648241728058565e+03 8.976107922794822613e-01
7.223668240703505035e+03 8.956147677957982944e-01
7.223688239678959690e+03 8.981196667790908306e-01
7.223708238654409797e+03 8.965020062689184055e-01
7.223728237629864452e+03 8.938603875153570133e-01
7.223748236605313650e+03 8.964789909801579304e-01
7.223768235580767396e+03 8.946418049467159683e-01
7.223788234556216594e+03 8.965653763064511672e-01
7.223808233531669430e+03 8.990476380639065290e-01
7.223828232507123175e+03 9.028906065346874454e-01
7.223848231482575102e+03 9.048975780466244068e-01
7.223868230458025209e+03 9.025751268821385898e-01
7.223888229433478955e+03 9.068683441191877082e-01
7.223908228408928153e+03 9.119909241256288768e-01
7.223928227384380989e+03 9.170923790200333769e-01
7.223948226359829277e+03 9.166305501464820926e-01
7.223968225335280295e+03 9.132313558005217269e-01
7.223988224310731312e+03 9.152777455838442267e-01
7.224008223286186876e+03 9.173951108917040020e-01
7.224028222261640622e+03 9.235609256272160339e-01
7.224048221237088910e+03 9.270935705448413167e-01
7.224068220212539927e+03 9.248998340817071728e-01
7.224088219187991854e+03 9.310189533206499890e-01
7.224108218163445599e+03 9.300020296287038191e-01
7.224128217138894797e+03 9.332921586933354829e-01
7.224148216114346724e+03 9.378994084632742423e-01
7.224168215089795012e+03 9.409037352724702874e-01
7.224188214065251486e+03 9.449792502187137622e-01
7.224208213040701594e+03 9.462595829150440840e-01
7.224228212016152611e+03 9.516831862989243440e-01
7.224248210991605447e+03 9.554621838601000672e-01
7.224268209967053735e+03 9.578488234948255853e-01
7.224288208942508390e+03 9.579555431698847379e-01
7.224308207917959407e+03 9.592803655148316455e-01
7.224328206893411334e+03 9.630328029298501624e-01
7.224348205868862351e+03 9.655954655613877557e-01
7.224368204844312459e+03 9.687489793335080090e-01
7.224388203819767114e+03 9.715146719689904398e-01
7.224408202795217221e+03 9.736742952575067056e-01
7.224428201770670057e+03 9.772199217574208951e-01
7.224448200746120165e+03 9.811060909630124893e-01
7.224468199721571182e+03 9.832696784345414942e-01
7.224488198697021289e+03 9.842812148130717365e-01
7.224508197672475944e+03 9.837040202678876133e-01
7.224528196647926052e+03 9.842557505460869383e-01
7.224548195623377978e+03 9.853867586073977725e-01
7.224568194598829905e+03 9.909324505912946446e-01
7.224588193574284560e+03 9.924323080641537231e-01
7.224608192549736486e+03 9.921295608376753394e-01
7.224628191525186594e+03 9.942270207269934268e-01
7.224648190500639430e+03 9.924212319129600557e-01
7.224668189476087719e+03 9.945648613591480114e-01
7.224688188451542374e+03 9.957521551854535691e-01
7.224708187426994300e+03 9.968685568840350841e-01
7.224728186402443498e+03 9.985252080668745034e-01
7.224748185377894515e+03 9.981861469876815995e-01
7.224768184353348261e+03 9.996843385346264599e-01
7.224788183328797459e+03 1.002262434481346443e+00
7.224808182304249385e+03 1.002939424580984396e+00
7.224828181279702221e+03 1.001694347931749718e+00
7.224848180255153238e+03 9.997608834790039367e-01
7.224868179230606984e+03 1.002686996077522652e+00
7.224888178206055272e+03 1.002374882722405935e+00
7.224908177181507199e+03 1.002785193800013408e+00
7.224928176156959125e+03 1.001186794450762196e+00
7.224948175132411052e+03 9.972637155458199398e-01
7.224968174107862978e+03 9.992068141270460391e-01
7.224988173083313995e+03 9.971863593278026405e-01
7.225008172058765922e+03 1.000019613129754736e+00
7.225028171034216030e+03 1.002864793588054804e+00
7.225048170009669775e+03 1.000032490429180410e+00
7.225068168985121702e+03 1.000304516058676096e+00
7.225088167960573628e+03 9.982839761232661369e-01
7.225108166936026464e+03 1.000063828155678403e+00
