7.275638210912287832e+03 1.001396087896472498e+00
7.275658209917561180e+03 9.995749323781147888e-01
7.275678208922839076e+03 9.983750725637544621e-01
7.275698207928112424e+03 9.980822883417439506e-01
7.275718206933384863e+03 1.000849124717532623e+00
7.275738205938664578e+03 1.001505231162159060e+00
7.275758204943937926e+03 1.001963246382723050e+00
7.275778203949210365e+03 1.002532286955343466e+00
7.275798202954487351e+03 1.002522282827356559e+00
7.275818201959762519e+03 1.002119040089097579e+00
7.275838200965037686e+03 1.002058133057532663e+00
7.275858199970311944e+03 1.002370008261401324e+00
7.275878198975587111e+03 1.001611306318245687e+00
7.275898197980864097e+03 1.004894809979503867e+00
7.275918196986137445e+03 1.000960601735758626e+00
7.275938195991412613e+03 1.002568407558139807e+00
7.275958194996687780e+03 9.935625637882405936e-01
7.275978194001962947e+03 9.836715966813203149e-01
7.275998193007239934e+03 9.831762812681966723e-01
7.276018192012513282e+03 9.820448178052610944e-01
7.276038191017787540e+03 9.859263736389130006e-01
7.276058190023061798e+03 9.859731606689011718e-01
7.276078189028338784e+03 9.860529281030196991e-01
7.276098188033613951e+03 9.863319694527482584e-01
7.276118187038886390e+03 9.863703855424178490e-01
7.276138186044161557e+03 9.823047810296313687e-01
7.276158185049439453e+03 9.807646763963702163e-01
7.276178184054710982e+03 9.703060145547519610e-01
7.276198183059987059e+03 9.731461592066690258e-01
7.276218182065265864e+03 9.644460465053469322e-01
7.276238181070537394e+03 9.652028066116282723e-01
7.276258180075814380e+03 9.674028926431714748e-01
7.276278179081086819e+03 9.730504129643953171e-01
7.276298178086361986e+03 9.807018104887245125e-01
7.276318177091638972e+03 9.800772970897940750e-01
7.276338176096915049e+03 9.803646888615943356e-01
7.276358175102187488e+03 9.810745300925091117e-01
7.276378174107461746e+03 9.805357252224395914e-01
7.276398173112738732e+03 9.781451536677259195e-01
7.276418172118012990e+03 9.776624956284690748e-01
7.276438171123289067e+03 9.766262391328341952e-01
7.276458170128568781e+03 9.721112172687963460e-01
7.276478169133838492e+03 9.740386236502355244e-01
7.276498168139114568e+03 9.629408080152004334e-01
7.276518167144392464e+03 9.679355838252140520e-01
7.276538166149664903e+03 9.677934129080977277e-01
7.276558165154938251e+03 9.758546965994236988e-01
7.276578164160213419e+03 9.813299673041659954e-01
7.276598163165492224e+03 9.835556107769147793e-01
7.276618162170764663e+03 9.874224663866275620e-01
7.276638161176038011e+03 9.921158352707634132e-01
7.276658160181314088e+03 9.932295405237379082e-01
7.276678159186590165e+03 9.946650548297876204e-01
7.276698158191867151e+03 9.973409083007321874e-01
7.276718157197142318e+03 9.985975706918939210e-01
7.276738156202413847e+03 9.996697729487739048e-01
7.276758155207692653e+03 9.981734835257966010e-01
7.276778154212965092e+03 9.920455730669358596e-01
7.276798153218241168e+03 9.913297750622996896e-01
7.276818152223517245e+03 9.904702427931487696e-01
7.276838151228788774e+03 9.957074710995440503e-01
7.276858150234065761e+03 9.949837443644516943e-01
7.276878149239342747e+03 9.942848365664093135e-01
7.276898148244616095e+03 9.974090457108525376e-01
7.276918147249893082e+03 1.000937220930292471e+00
7.276938146255168249e+03 1.001418216094005942e+00
7.276958145260443416e+03 1.018328832922380967e+00
7.276978144265714946e+03 1.024150166706897958e+00
7.276998143270991932e+03 1.039995677897707305e+00
7.277018142276267099e+03 1.039437329675889865e+00
