7.332759351169819638e+03 9.986772360068685295e-01
7.332779350681350479e+03 1.000621514594241424e+00
7.332799350192884049e+03 9.984379634171608453e-01
7.332819349704418528e+03 9.953127223291718950e-01
7.332839349215949369e+03 9.952857735902923553e-01
7.332859348727482029e+03 1.003145458054980566e+00
7.332879348239018327e+03 1.010178575347578045e+00
7.332899347750545530e+03 1.004389042542841670e+00
7.332919347262079100e+03 1.002794403658850531e+00
7.332939346773612669e+03 9.993085687177005738e-01
7.332959346285144420e+03 9.981618519295980541e-01
7.332979345796677080e+03 9.968920258049627225e-01
7.332999345308211559e+03 9.946747201067548394e-01
7.333019344819742400e+03 9.974787139596340557e-01
7.333039344331277789e+03 1.000089710898178774e+00
7.333059343842807721e+03 9.973696234603239841e-01
7.333079343354344019e+03 9.963450833786485772e-01
7.333099342865873950e+03 9.954179568228954667e-01
7.333119342377407520e+03 9.945961719682677726e-01
7.333139341888939271e+03 9.957017569586851247e-01
7.333159341400471021e+03 9.999107287370415653e-01
7.333179340912003681e+03 1.001580938915183294e+00
7.333199340423537251e+03 1.002936553815560794e+00
7.333219339935070821e+03 1.000177407048803646e+00
7.333239339446601662e+03 9.987825263837021295e-01
7.333259338958134322e+03 9.973542814470572893e-01
7.333279338469669710e+03 9.995078813184476996e-01
7.333299337981201461e+03 1.000565672202202938e+00
7.333319337492735031e+03 1.000431937555564810e+00
7.333339337004264053e+03 9.998749198039668107e-01
7.333359336515799441e+03 9.999183905058536270e-01
7.333379336027328463e+03 9.978717737052069658e-01
7.333399335538862942e+03 9.960146580096933544e-01
7.333419335050395603e+03 1.001565990004559481e+00
7.333439334561930082e+03 9.886512497245463216e-01
7.333459334073462742e+03 9.941023916542844896e-01
7.333479333584994492e+03 9.977517142232726899e-01
7.333499333096528062e+03 1.028031655056132587e+00
7.333519332608060722e+03 1.004075593771009745e+00
7.333539332119591563e+03 1.001697659121807860e+00
7.333559331631126042e+03 9.779705637121143269e-01
7.333579331142659612e+03 9.900688187315760391e-01
7.333599330654194091e+03 9.884492380559688485e-01
7.333619330165724023e+03 9.984818591829205392e-01
7.333639329677253954e+03 9.959208599982475318e-01
7.333659329188786614e+03 9.977358813566514772e-01
7.333679328700320184e+03 1.000574712126209853e+00
7.333699328211855573e+03 9.984782236420616242e-01
7.333719327723386414e+03 9.972944023441719930e-01
7.333739327234919983e+03 9.959128162755509495e-01
7.333759326746452643e+03 9.939912681506333225e-01
7.333779326257984394e+03 9.925126323768098668e-01
7.333799325769517964e+03 9.918262993652187109e-01
7.333819325281048805e+03 9.918049312087164893e-01
7.333839324792582374e+03 9.920730343976956744e-01
7.333859324304114125e+03 9.938328816985612102e-01
7.333879323815646785e+03 9.947068428127243678e-01
7.333899323327180355e+03 9.945138068374587137e-01
7.333919322838714834e+03 9.954598349917328504e-01
7.333939322350244765e+03 9.958147978600287997e-01
7.333959321861777426e+03 9.907686864037867913e-01
7.333979321373311905e+03 9.905549543546912084e-01
7.333999320884844565e+03 9.923020939874900304e-01
7.334019320396378134e+03 9.902532478096754964e-01
7.334039319907907156e+03 9.880662056150422146e-01
7.334059319419442545e+03 9.846014652884985674e-01
7.334079318930976115e+03 9.841940570871887672e-01
7.334099318442504227e+03 9.840703689698465650e-01
7.334119317954038706e+03 9.823219601206639728e-01
7.334139317465569547e+03 9.830081071124583403e-01
7.334159316977103117e+03 9.851229763857828337e-01
7.334179316488636687e+03 9.840940260986422716e-01
7.334199316000171166e+03 9.833750756106048874e-01
7.334219315511702007e+03 9.826249252875481899e-01
7.334239315023234667e+03 9.832624251181751873e-01
7.334259314534769146e+03 9.842256495509155156e-01
7.334279314046299078e+03 9.869420049692153585e-01
7.334299313557832647e+03 9.875602513696610796e-01
7.334319313069366217e+03 9.870142716536527416e-01
7.334339312580898877e+03 9.858264382030853534e-01
7.334359312092429718e+03 9.853977624552838765e-01
7.334379311603965107e+03 9.867007610312018562e-01
7.334399311115496857e+03 9.873267267148855275e-01
7.334419310627030427e+03 9.880038501166149567e-01
7.334439310138564906e+03 9.911520795912192039e-01
7.334459309650093019e+03 9.921204587776968342e-01
7.334479309161626588e+03 9.915694507896178900e-01
7.334499308673161067e+03 9.915705987690246470e-01
7.334519308184694637e+03 9.918567807538924974e-01
7.334539307696225478e+03 9.933182579658681455e-01
7.334559307207756319e+03 9.932101299049053145e-01
7.334579306719288070e+03 9.928039095150027471e-01
7.334599306230823458e+03 9.931007522219863493e-01
7.334619305742357028e+03 9.951345190367990590e-01
7.334639305253886960e+03 1.000304454667944265e+00
7.334659304765421439e+03 9.940257642745222721e-01
7.334679304276953189e+03 9.885052609672136947e-01
7.334699303788486759e+03 9.841532903003193944e-01
7.334719303300015781e+03 9.847016235012291396e-01
7.334739302811551170e+03 9.867742650606683430e-01
7.334759302323085649e+03 9.917446335811689329e-01
7.334779301834613761e+03 9.927235186805518641e-01
7.334799301346151879e+03 9.889375637924711082e-01
7.334819300857680901e+03 9.917127887193398772e-01
7.334839300369214470e+03 9.941131372928698751e-01
7.334859299880746221e+03 9.941075359110215226e-01
7.334879299392280700e+03 9.945963896228594558e-01
7.334899298903813360e+03 9.953101619694614266e-01
7.334919298415343292e+03 9.982763328493602373e-01
7.334939297926880499e+03 9.977768905697923518e-01
7.334959297438414069e+03 9.929553829778998697e-01
7.334979296949943091e+03 9.935257606843383993e-01
7.334999296461474842e+03 9.943706915373530242e-01
7.335019295973012049e+03 9.933365133433977867e-01
7.335039295484543800e+03 9.920170987417309405e-01
7.335059294996075550e+03 9.938695771161676351e-01
7.335079294507607301e+03 9.915388724713737334e-01
7.335099294019140871e+03 9.943953550142999864e-01
7.335119293530673531e+03 9.960848364140151290e-01
7.335139293042203462e+03 1.009270154983846535e+00
7.335159292553739760e+03 1.005185786066592479e+00
7.335179292065271511e+03 9.983916364010871902e-01
7.335199291576801443e+03 9.894783693476005837e-01
7.335219291088335922e+03 9.887983883813968866e-01
7.335239290599867672e+03 9.883794971591737255e-01
7.335259290111399423e+03 9.937793827570560179e-01
7.335279289622933902e+03 1.001231549309501867e+00
7.335299289134466562e+03 1.001084900947218248e+00
7.335319288646001041e+03 1.001822572043544302e+00
7.335339288157529154e+03 9.977290614457142714e-01
7.335359287669062724e+03 9.986081871453620362e-01
7.335379287180598112e+03 1.001236145778990450e+00
7.335399286692129863e+03 1.000236305280613580e+00
7.335419286203663432e+03 9.997491466405433735e-01
7.335439285715194274e+03 9.996137878642790131e-01
7.335459285226725115e+03 9.990015429907812550e-01
7.335479284738261413e+03 9.994617373703339469e-01
7.335499284249793163e+03 9.999095708644325509e-01
