7.355838787478632185e+03 1.001962610839206569e+00
7.355858786990162116e+03 1.000266695903373471e+00
7.355878786501696595e+03 1.000187373733567586e+00
7.355898786013231984e+03 1.002798246966312812e+00
7.355918785524762825e+03 1.002294600270342784e+00
7.355938785036297304e+03 1.001140345232382378e+00
7.355958784547829055e+03 9.986797785533718663e-01
7.355978784059360805e+03 1.002114943265831393e+00
7.355998783570895284e+03 1.002221341205084437e+00
7.356018783082427944e+03 9.993212846438453978e-01
7.356038782593960605e+03 9.980205774619425041e-01
7.356058782105491446e+03 1.001698392500272483e+00
7.356078781617025015e+03 1.003748336258846852e+00
7.356098781128561313e+03 1.004258528681965190e+00
7.356118780640091245e+03 1.000384077557349594e+00
7.356138780151622086e+03 1.000325450062877097e+00
7.356158779663158384e+03 9.988718666435772997e-01
7.356178779174692863e+03 9.997238983915416322e-01
7.356198778686224614e+03 1.001280564139801488e+00
7.356218778197756365e+03 1.004520671730904979e+00
7.356238777709289934e+03 1.005867667102526619e+00
7.356258777220820775e+03 1.005146701857921654e+00
7.356278776732354345e+03 1.003588166887701139e+00
7.356298776243887005e+03 1.002072424777183945e+00
7.356318775755419665e+03 1.001080050125515930e+00
7.356338775266953235e+03 9.973201765629747806e-01
7.356358774778485895e+03 9.971258700101668371e-01
7.356378774290017645e+03 9.992990689721583664e-01
7.356398773801553943e+03 1.001666763222525791e+00
7.356418773313086604e+03 1.000612372239571668e+00
7.356438772824616535e+03 9.972302823990430998e-01
7.356458772336151014e+03 1.002068841628950491e+00
7.356478771847682765e+03 1.002811546144325439e+00
7.356498771359216335e+03 1.001620717320643950e+00
7.356518770870750814e+03 9.996232155931136232e-01
7.356538770382280745e+03 9.953075161633820889e-01
7.356558769893817953e+03 9.899105177073094231e-01
7.356578769405349703e+03 9.954105344116906950e-01
7.356598768916881454e+03 9.934155232375063704e-01
7.356618768428415933e+03 9.885719215747914568e-01
7.356638767939946774e+03 9.867467829835538939e-01
7.356658767451479434e+03 9.826354395794043572e-01
7.356678766963011185e+03 9.780571137253772918e-01
7.356698766474545664e+03 9.789673493669971416e-01
7.356718765986079234e+03 9.823018363989672874e-01
7.356738765497610075e+03 9.867937267999326023e-01
7.356758765009142735e+03 9.880319411967669607e-01
7.356778764520677214e+03 9.874164168128676256e-01
7.356798764032212603e+03 9.869211337632677328e-01
7.356818763543742534e+03 9.902120156873299717e-01
7.356838763055273375e+03 9.886240255306103508e-01
7.356858762566807854e+03 9.894308730563117216e-01
7.356878762078341424e+03 9.906039717338189776e-01
7.356898761589874994e+03 9.876164223722777580e-01
7.356918761101408563e+03 9.780654629022692559e-01
7.356938760612938495e+03 9.796965455165026482e-01
7.356958760124473883e+03 9.812521355315690919e-01
7.356978759636009272e+03 9.826454901211465476e-01
7.356998759147538294e+03 9.859500400644345408e-01
7.357018758659073683e+03 9.832017828031823781e-01
7.357038758170605433e+03 9.828006669123887651e-01
7.357058757682138094e+03 9.856199256856672530e-01
7.357078757193672573e+03 9.859148602885287049e-01
7.357098756705200685e+03 9.862204318361018629e-01
7.357118756216736074e+03 9.856979888460261074e-01
7.357138755728269643e+03 9.894322315349369790e-01
7.357158755239800485e+03 9.911001177392232409e-01
7.357178754751334964e+03 9.840604793234658532e-01
7.357198754262867624e+03 9.838385839155373569e-01
7.357218753774402103e+03 9.842070120827638435e-01
7.357238753285932944e+03 9.847709546037091144e-01
7.357258752797466514e+03 9.854960042797572539e-01
7.357278752308998264e+03 9.858188929600606443e-01
7.357298751820532743e+03 9.846360988513925827e-01
7.357318751332064494e+03 9.882407049210635286e-01
7.357338750843596245e+03 9.900365312533671025e-01
7.357358750355131633e+03 9.883864685212611079e-01
7.357378749866661565e+03 9.853280272200237722e-01
7.357398749378196953e+03 9.846418389835518425e-01
7.357418748889727794e+03 9.879900958164591351e-01
7.357438748401264093e+03 9.859651617032229032e-01
7.357458747912794024e+03 9.869540847532151107e-01
7.357478747424327594e+03 9.920603167721030458e-01
7.357498746935861163e+03 9.931960759231552860e-01
7.357518746447396552e+03 9.949784463709483440e-01
7.357538745958925574e+03 9.973508701343116734e-01
7.357558745470458234e+03 9.993931505204006749e-01
7.357578744981991804e+03 9.997079754652498096e-01
7.357598744493527192e+03 9.986112281354991849e-01
7.357618744005057124e+03 9.979070016431242918e-01
7.357638743516592513e+03 9.974766480713903594e-01
7.357658743028124263e+03 9.965328225852887467e-01
7.357678742539658742e+03 9.954708299693989515e-01
7.357698742051189583e+03 9.934045527690402722e-01
7.357718741562724972e+03 9.911791390461002216e-01
7.357738741074253085e+03 9.936640470360375010e-01
7.357758740585788473e+03 9.958034989572663864e-01
7.357778740097322043e+03 9.978999889585155048e-01
7.357798739608855612e+03 9.960249274575979639e-01
7.357818739120387363e+03 9.962660843329224081e-01
7.357838738631920023e+03 9.973518626734948489e-01
7.357858738143453593e+03 9.999794230614037494e-01
7.357878737654986253e+03 9.980343835202966085e-01
7.357898737166520732e+03 9.949496056973433644e-01
7.357918736678050664e+03 9.952590063817984278e-01
7.357938736189586962e+03 9.948360478197668666e-01
7.357958735701116893e+03 9.951368869510447412e-01
7.357978735212651372e+03 1.002347946958659142e+00
7.357998734724183123e+03 9.998217056436811134e-01
7.358018734235717602e+03 9.964788547104621586e-01
7.358038733747246624e+03 9.984833768280189092e-01
7.358058733258780194e+03 9.986780676035984516e-01
7.358078732770314673e+03 9.988261495106021126e-01
7.358098732281849152e+03 9.998200306944954319e-01
7.358118731793380903e+03 9.976586622102536772e-01
