7.366180939776965715e+03 1.003629314149403928e+00
7.366200938752415823e+03 1.006213734446304686e+00
7.366220937727869568e+03 1.005157512879173431e+00
7.366240936703322404e+03 1.008134422099614680e+00
7.366260935678777059e+03 1.006795450918033241e+00
7.366280934654226257e+03 1.005010652484262801e+00
7.366300933629680912e+03 1.003508140145673799e+00
7.366320932605133748e+03 1.003106316570376411e+00
7.366340931580585675e+03 1.003517352298368470e+00
7.366360930556041239e+03 1.005296821157791953e+00
7.366380929531491347e+03 1.006297152082519242e+00
7.366400928506947821e+03 1.006064042522058166e+00
7.366420927482398838e+03 1.004566286707478495e+00
7.366440926457852584e+03 9.991396916050939714e-01
7.366460925433305420e+03 9.958235334194022181e-01
7.366480924408758256e+03 9.935035957449052102e-01
7.366500923384212001e+03 9.940070039496091692e-01
7.366520922359663018e+03 9.919178173876658233e-01
7.366540921335116764e+03 9.894885349352920967e-01
7.366560920310571419e+03 9.870824304025087592e-01
7.366580919286023345e+03 9.848199680413524115e-01
7.366600918261476181e+03 9.817720928904120070e-01
7.366620917236929927e+03 9.776033647768883617e-01
7.366640916212385491e+03 9.739468519934695312e-01
7.366660915187835599e+03 9.699259788204303012e-01
7.366680914163289344e+03 9.658940680127929834e-01
7.366700913138743090e+03 9.636662583244405278e-01
7.366720912114193197e+03 9.611401784055646491e-01
7.366740911089648762e+03 9.577936925333330187e-01
7.366760910065101598e+03 9.512648600860735826e-01
7.366780909040554434e+03 9.458365513989250850e-01
7.366800908016010908e+03 9.404141289885554755e-01
7.366820906991461015e+03 9.347621587120079623e-01
7.366840905966916580e+03 9.319889533563814332e-01
7.366860904942368506e+03 9.310539878727799312e-01
7.366880903917818614e+03 9.314463327430978490e-01
7.366900902893275997e+03 9.308632887156104152e-01
7.366920901868727924e+03 9.311287004649968502e-01
7.366940900844178032e+03 9.313342967568953856e-01
7.366960899819632687e+03 9.303522778634697454e-01
7.366980898795084613e+03 9.275299784298296490e-01
7.367000897770536540e+03 9.258045124227238798e-01
7.367020896745993923e+03 9.261895925369444393e-01
7.367040895721446759e+03 9.314467983349838942e-01
7.367060894696895957e+03 9.375324533799010984e-01
7.367080893672352431e+03 9.444708084302146922e-01
7.367100892647806177e+03 9.493935203358141450e-01
7.367120891623258103e+03 9.567044060731848543e-01
7.367140890598713668e+03 9.650974627046876586e-01
7.367160889574162866e+03 9.753866178405793397e-01
7.367180888549615702e+03 9.826338819501995170e-01
7.367200887525071266e+03 9.879886815286971213e-01
7.367220886500523193e+03 9.896935417346864883e-01
7.367240885475976938e+03 9.927661888485598274e-01
7.367260884451427955e+03 9.947490762716650892e-01
7.367280883426884429e+03 9.959805910377554916e-01
7.367300882402336356e+03 9.959755796810735307e-01
7.367320881377791011e+03 9.977435903106743886e-01
7.367340880353241118e+03 9.999059892153465690e-01
7.367360879328692135e+03 1.000376681092961961e+00
7.367380878304146790e+03 1.002875095515942672e+00
7.367400877279601445e+03 1.005091839010007204e+00
7.367420876255054282e+03 1.006237855692587280e+00
7.367440875230505299e+03 1.004993128154804127e+00
7.367460874205958135e+03 1.004017697351518912e+00
7.367480873181413699e+03 1.003237756962950256e+00
7.367500872156863807e+03 1.000413572671488227e+00
7.367520871132319371e+03 9.994629942291549662e-01
7.367540870107773117e+03 9.991783332550676633e-01
7.367560869083225953e+03 1.000709076072357151e+00
7.367580868058676970e+03 9.988652768807317894e-01
7.367600867034129806e+03 9.978424011613442612e-01
7.367620866009581732e+03 9.996133480274946859e-01
