7.493975413640868283e+03 9.983302500299247040e-01
7.493995413152401852e+03 9.952168576008415535e-01
7.494015412663935422e+03 9.964405361930556149e-01
7.494035412175469901e+03 9.984336094802308548e-01
7.494055411687004380e+03 9.988935350670880009e-01
7.494075411198538859e+03 9.959214082628237152e-01
7.494095410710072429e+03 9.922636213407469707e-01
7.494115410221606908e+03 9.986151226888723142e-01
7.494135409733137749e+03 9.987838782525861880e-01
7.494155409244677685e+03 9.975568095293200210e-01
7.494175408756212164e+03 9.984839392301622096e-01
7.494195408267744824e+03 9.996272283668627967e-01
7.494215407779277484e+03 9.990434005992020472e-01
7.494235407290812873e+03 9.947641021192814570e-01
7.494255406802346442e+03 9.964618180311022311e-01
7.494275406313882741e+03 9.942067563247146689e-01
7.494295405825415401e+03 9.916417564671806684e-01
7.494315405336950789e+03 9.930548096028221083e-01
7.494335404848483449e+03 9.929378941659455782e-01
7.494355404360017928e+03 9.892657238759159366e-01
7.494375403871553317e+03 9.911290552422802325e-01
7.494395403383085977e+03 9.905208922049156817e-01
7.494415402894621366e+03 9.885584643636969870e-01
7.494435402406156754e+03 9.879594794945780745e-01
7.494455401917691233e+03 9.885289727761277234e-01
7.494475401429222075e+03 9.842063687357934798e-01
7.494495400940756554e+03 9.817633867969660644e-01
7.494515400452292852e+03 9.771772966379729253e-01
7.494535399963823693e+03 9.729485133343734882e-01
7.494555399475360900e+03 9.735677995059009993e-01
7.494575398986893561e+03 9.708280288995132512e-01
7.494595398498429859e+03 9.680644918307343971e-01
7.494615398009963428e+03 9.665449115812141390e-01
7.494635397521496088e+03 9.669566690711560719e-01
7.494655397033030567e+03 9.670384062606653952e-01
7.494675396544564137e+03 9.682376371887221334e-01
7.494695396056099526e+03 9.688222394634568024e-01
7.494715395567634005e+03 9.621861380041926148e-01
7.494735395079167574e+03 9.630106068678008224e-01
7.494755394590703872e+03 9.647785131981141404e-01
7.494775394102239261e+03 9.668436567201774690e-01
7.494795393613771012e+03 9.651934917250343249e-01
7.494815393125304581e+03 9.647991399286073300e-01
7.494835392636840879e+03 9.687386793642088767e-01
7.494855392148372630e+03 9.680835578637408956e-01
7.494875391659908928e+03 9.697340703564296671e-01
7.494895391171444317e+03 9.696546603417997012e-01
7.494915390682974248e+03 9.690484498671170233e-01
7.494935390194511456e+03 9.766272838921956634e-01
7.494955389706043206e+03 9.782851135845702650e-01
7.494975389217574957e+03 9.797029041772056246e-01
7.494995388729113984e+03 9.818572820544222424e-01
7.495015388240647553e+03 9.828601193808332859e-01
7.495035387752182032e+03 9.809485529053586506e-01
7.495055387263714692e+03 9.851761310412113781e-01
7.495075386775249171e+03 9.890747375106400119e-01
7.495095386286784560e+03 9.921057665247752233e-01
7.495115385798319039e+03 9.933460489938912286e-01
7.495135385309855337e+03 9.914234896046807410e-01
7.495155384821387088e+03 9.926330674685364119e-01
7.495175384332920657e+03 9.935396875868708344e-01
7.495195383844454227e+03 9.949933878458352421e-01
7.495215383355989616e+03 9.956054979135234850e-01
7.495235382867523185e+03 9.962151831409478131e-01
7.495255382379058574e+03 9.962067209238378851e-01
7.495275381890591234e+03 9.921833864610758447e-01
7.495295381402127532e+03 9.963231173554422115e-01
7.495315380913658373e+03 9.990802987434068694e-01
7.495335380425193762e+03 9.986697500555101747e-01
7.495355379936727331e+03 9.997559970425521358e-01
7.495375379448265448e+03 1.002913834213214672e+00
7.495395378959799928e+03 1.001598559225426843e+00
7.495415378471332588e+03 9.959899252779084167e-01
7.495435377982866157e+03 1.000047861104778946e+00
7.495455377494398817e+03 1.002676181701622760e+00
7.495475377005931477e+03 1.001686055945580023e+00
7.495495376517469595e+03 1.001946802070579956e+00
