7.559064113690169506e+03 9.942889204296836425e-01
7.559084112695448312e+03 9.941945059863255274e-01
7.559104111700727117e+03 9.926196413116004091e-01
7.559124110706002284e+03 9.915050067475034146e-01
7.559144109711284727e+03 9.909053410236273729e-01
7.559164108716561714e+03 9.901713346180380793e-01
7.559184107721839609e+03 9.871731884702295012e-01
7.559204106727117505e+03 9.914590576732353888e-01
7.559224105732391763e+03 9.951258704758557672e-01
7.559244104737668749e+03 9.962366468361997240e-01
7.559264103742950283e+03 9.953791208568820714e-01
7.559284102748230907e+03 9.939999140118743748e-01
7.559304101753504256e+03 9.925453037955486169e-01
7.559324100758783970e+03 9.950110437318477885e-01
7.559344099764058228e+03 9.960561317952520977e-01
7.559364098769336124e+03 9.980179793916891251e-01
7.559384097774615839e+03 1.002594734751458994e+00
7.559404096779895553e+03 1.004400258477450736e+00
7.559424095785168902e+03 1.005384518729834253e+00
7.559444094790449526e+03 1.005680944356743156e+00
7.559464093795728331e+03 1.003526861396181635e+00
7.559484092801006227e+03 1.004506992112464969e+00
7.559504091806282304e+03 1.005697855861166889e+00
7.559524090811559290e+03 1.005791045545062046e+00
7.559544089816838095e+03 1.005674693555054011e+00
7.559564088822116901e+03 1.006462444571799120e+00
7.559584087827396615e+03 1.008145213704463528e+00
7.559604086832672692e+03 1.007877194287406741e+00
7.559624085837948769e+03 1.007131758187404635e+00
7.559644084843227574e+03 1.006907875075924386e+00
7.559664083848505470e+03 1.008659902778466844e+00
7.559684082853786094e+03 1.010893234450064293e+00
7.559704081859059443e+03 1.011441157516227429e+00
7.559724080864340976e+03 1.010732468876236245e+00
7.559744079869615234e+03 1.009401078100069293e+00
7.559764078874892220e+03 1.011059857712981014e+00
7.559784077880171935e+03 1.013350360712515386e+00
7.559804076885448012e+03 1.015948734971929168e+00
7.559824075890729546e+03 1.015597151203957216e+00
7.559844074896006532e+03 1.014493347744114260e+00
7.559864073901279880e+03 1.012761660573305633e+00
7.559884072906563233e+03 1.008963034418753679e+00
7.559904071911838400e+03 1.005892583321763123e+00
7.559924070917115387e+03 1.003917452866598836e+00
7.559944069922396011e+03 1.005871773104726419e+00
7.559964068927669359e+03 1.002108080705668591e+00
7.559984067932950893e+03 1.000730327988499813e+00
7.560004066938226060e+03 1.001729950275591197e+00
7.560024065943505775e+03 9.995041110821165642e-01
7.560044064948782761e+03 1.003561489544587904e+00
7.560064063954062476e+03 1.007254849653643758e+00
7.560084062959338553e+03 1.004105677601444757e+00
7.560104061964615539e+03 1.004002428486864495e+00
7.560124060969896163e+03 1.005185160622778406e+00
7.560144059975175878e+03 1.007363449680563461e+00
7.560164058980449227e+03 1.007515603384308012e+00
7.560184057985727122e+03 1.007780551492471810e+00
7.560204056991007747e+03 1.007878112827342632e+00
7.560224055996284733e+03 1.007131287005676334e+00
7.560244055001561719e+03 1.008506084076697062e+00
7.560264054006839615e+03 1.009750289999166606e+00
7.560284053012113873e+03 1.010937803868254381e+00
7.560304052017396316e+03 1.008510378469656743e+00
7.560324051022670574e+03 1.012130868232154590e+00
7.560344050027947560e+03 1.016366606291537300e+00
7.560364049033229094e+03 1.017937108233632593e+00
7.560384048038504261e+03 1.014580840886946111e+00
7.560404047043783976e+03 1.014225937910198549e+00
7.560424046049060053e+03 1.016813300740816217e+00
7.560444045054337948e+03 1.016830937589415562e+00
7.560464044059614935e+03 1.014049113500195443e+00
7.560484043064893740e+03 1.011048910622306174e+00
7.560504042070174364e+03 1.009973600812384076e+00
7.560524041075448622e+03 1.006203544661104843e+00
7.560544040080728337e+03 1.005644265552810390e+00
7.560564039086006233e+03 1.007940853286600769e+00
7.560584038091285038e+03 1.008287019323190759e+00
7.560604037096560205e+03 1.005851162727333659e+00
7.560624036101837191e+03 1.003349390600402291e+00
7.560644035107115997e+03 1.002243555435785582e+00
7.560664034112393892e+03 1.002722881993501902e+00
7.560684033117673607e+03 1.002950310212489926e+00
7.560704032122951503e+03 1.002826037576928453e+00
7.560724031128228489e+03 9.997791316934862005e-01
7.560744030133504566e+03 1.000887245741226561e+00
7.560764029138783371e+03 1.000569787180209946e+00
7.560784028144063086e+03 9.932779602990345902e-01
7.560804027149337344e+03 9.956032089245074879e-01
7.560824026154614330e+03 9.943918474527270179e-01
7.560844025159894045e+03 9.902393408269751784e-01
7.560864024165172850e+03 9.833167571747248870e-01
7.560884023170448927e+03 9.856029172673681504e-01
7.560904022175727732e+03 9.903480515437568243e-01
7.560924021181002900e+03 9.965722922855564381e-01
7.560944020186285343e+03 9.986463880627006739e-01
7.560964019191563239e+03 9.980270947169839202e-01
7.560984018196842044e+03 9.961074518619997820e-01
7.561004017202120849e+03 9.993718133435965933e-01
7.561024016207395107e+03 9.970651536557686434e-01
7.561044015212676641e+03 9.948983779067633870e-01
7.561064014217949989e+03 9.949003448330381305e-01
7.561084013223230613e+03 9.945530826483353071e-01
7.561104012228506690e+03 9.936418973060456850e-01
7.561124011233780948e+03 9.926651408004003585e-01
7.561144010239058844e+03 9.916501487460206432e-01
7.561164009244339468e+03 9.945820383885737304e-01
7.561184008249617364e+03 9.972339115317484515e-01
7.561204007254896169e+03 9.985763848676679766e-01
7.561224006260172246e+03 9.978043139660489613e-01
7.561244005265451051e+03 9.958082033296699054e-01
7.561264004270728947e+03 9.937380050536130938e-01
7.561284003276005933e+03 9.927228739072663233e-01
7.561304002281284738e+03 9.935173659670730739e-01
7.561324001286564453e+03 9.939912125781399377e-01
7.561344000291842349e+03 9.941998886144122194e-01
7.561363999297117516e+03 9.922680582689340500e-01
7.561383998302394502e+03 9.926992747375081860e-01
7.561403997307670579e+03 9.935318685953028472e-01
7.561423996312952113e+03 9.917261459073016816e-01
7.561443995318231828e+03 9.918290052364974185e-01
7.561463994323505176e+03 9.907164963523534817e-01
7.561483993328786710e+03 9.880646341460536108e-01
7.561503992334063696e+03 9.878821277291189862e-01
7.561523991339344320e+03 9.934981666188893445e-01
7.561543990344616759e+03 9.984707032735632426e-01
7.561563989349898293e+03 9.945562315905179807e-01
7.561583988355176189e+03 9.932687011393352972e-01
7.561603987360452265e+03 9.909880676129662058e-01
7.561623986365729252e+03 9.875791714830391976e-01
7.561643985371006238e+03 9.837298015556407149e-01
7.561663984376283224e+03 9.832865486186703752e-01
7.561683983381562939e+03 9.826412899358564212e-01
7.561703982386839925e+03 9.789087726115845989e-01
7.561723981392117821e+03 9.820786321457821710e-01
7.561743980397396626e+03 9.847941817160502653e-01
7.561763979402676341e+03 9.870942699016223010e-01
7.561783978407950599e+03 9.908503821968355219e-01
7.561803977413231223e+03 9.908846030972510155e-01
7.561823976418507300e+03 9.905217837932281943e-01
7.561843975423786105e+03 9.901302940571331535e-01
7.561863974429064001e+03 9.951700660494701145e-01
7.561883973434344625e+03 9.992106077111431173e-01
7.561903972439618883e+03 1.002431470264608659e+00
7.561923971444896779e+03 1.001839613569605936e+00
7.561943970450174675e+03 1.002805762709955584e+00
7.561963969455452570e+03 1.003536674408789242e+00
7.561983968460728647e+03 1.004005147976762435e+00
7.562003967466007452e+03 1.003833145420410800e+00
7.562023966471285348e+03 1.001809144202799429e+00
7.562043965476562335e+03 9.990152946597216088e-01
7.562063964481843868e+03 9.960926429274925553e-01
7.562083963487121764e+03 9.975069417154729390e-01
7.562103962492397841e+03 9.967356808137666224e-01
7.562123961497676646e+03 9.934694386341226258e-01
7.562143960502953632e+03 9.915397242656819321e-01
7.562163959508232438e+03 9.921004666439495745e-01
7.562183958513506695e+03 9.928920576895404748e-01
7.562203957518785501e+03 9.923204334245535607e-01
7.562223956524065215e+03 9.927291291041878685e-01
7.562243955529341292e+03 9.916634430471008566e-01
7.562263954534621007e+03 9.897685547041162879e-01
7.562283953539895265e+03 9.892055990770702856e-01
7.562303952545173161e+03 9.905084287303591584e-01
7.562323951550453785e+03 9.919681617890986347e-01
7.562343950555729862e+03 9.929187810266194569e-01
7.562363949561008667e+03 9.924254787140094347e-01
7.562383948566286563e+03 9.920196342863963901e-01
7.562403947571563549e+03 9.921824707390943798e-01
7.562423946576844173e+03 9.952083298823602986e-01
7.562443945582120250e+03 9.926645837297300989e-01
7.562463944587396327e+03 9.908281441726841665e-01
7.562483943592676951e+03 9.904548625909139759e-01
7.562503942597953028e+03 9.895527992883224044e-01
7.562523941603232743e+03 9.898709674256017665e-01
7.562543940608507000e+03 9.895706730471697243e-01
7.562563939613784896e+03 9.859681385079913651e-01
7.562583938619063701e+03 9.885530288248300934e-01
7.562603937624340688e+03 9.902051972430878646e-01
7.562623936629619493e+03 9.907685511509214393e-01
7.562643935634900117e+03 9.901676858769354883e-01
7.562663934640178013e+03 9.925893448283612530e-01
7.562683933645453180e+03 9.942128899803907016e-01
7.562703932650729257e+03 9.932092907970743179e-01
7.562723931656009881e+03 9.953499195204179584e-01
7.562743930661289596e+03 9.946699121911181107e-01
7.562763929666565673e+03 9.924960108987332941e-01
7.562783928671843569e+03 9.916538871054854098e-01
7.562803927677123284e+03 9.914680530687015603e-01
7.562823926682396632e+03 9.913989611524518519e-01
7.562843925687674528e+03 9.909672358545225102e-01
7.562863924692954242e+03 9.907880975834458814e-01
7.562883923698231229e+03 9.886843954889508179e-01
7.562903922703510943e+03 9.868905195585201406e-01
7.562923921708785201e+03 9.886427792621035326e-01
7.562943920714063097e+03 9.870616090920494301e-01
7.562963919719340993e+03 9.869784787548322447e-01
7.562983918724620708e+03 9.878290959342288513e-01
7.563003917729898603e+03 9.859492854127149819e-01
7.563023916735177409e+03 9.858789136221175475e-01
7.563043915740452576e+03 9.860202939762547913e-01
7.563063914745735019e+03 9.858394522455090625e-01
7.563083913751010186e+03 9.897182906406118974e-01
7.563103912756286263e+03 9.916015610431262450e-01
7.563123911761567797e+03 9.924433420164152642e-01
7.563143910766842964e+03 9.929615932945469181e-01
7.563163909772122679e+03 9.939390012045223877e-01
7.563183908777397846e+03 9.946682383165048602e-01
7.563203907782676652e+03 9.949465069155439823e-01
7.563223906787954547e+03 9.990436849922583740e-01
7.563243905793232443e+03 9.980905836192850433e-01
7.563263904798512158e+03 9.965414170838511332e-01
7.563283903803788235e+03 9.968429753367978874e-01
7.563303902809067949e+03 9.958234388796480818e-01
7.563323901814346755e+03 9.960426577392242908e-01
7.563343900819621922e+03 9.965436731934450565e-01
7.563363899824897999e+03 9.916502534053487361e-01
7.563383898830180442e+03 9.939143232204540324e-01
7.563403897835456519e+03 9.957418758100762268e-01
7.563423896840732596e+03 9.955162783746640542e-01
7.563443895846011401e+03 1.005169274421835901e+00
7.563463894851288387e+03 1.006974385909786607e+00
7.563483893856567192e+03 1.006310434683679755e+00
7.563503892861844179e+03 1.007299051591580286e+00
7.563523891867122074e+03 1.004199266534683721e+00
7.563543890872399970e+03 1.001937869591705388e+00
7.563563889877680595e+03 1.000787455753288979e+00
7.563583888882954852e+03 1.002563269512911637e+00
7.563603887888233658e+03 1.004196539594883752e+00
7.563623886893514282e+03 1.004860317947172010e+00
7.563643885898787630e+03 1.003072992718228029e+00
7.563663884904070073e+03 1.003488607145198053e+00
7.563683883909347060e+03 1.005017386086314524e+00
7.563703882914623136e+03 1.006941561680557262e+00
7.563723881919901032e+03 1.008336041536709526e+00
7.563743880925178928e+03 1.010532494667294667e+00
7.563763879930457733e+03 1.010623621709217712e+00
7.563783878935733810e+03 1.008310705102807070e+00
7.563803877941014434e+03 1.008666041990770479e+00
7.563823876946288692e+03 1.008720355525964507e+00
7.563843875951567497e+03 1.008070350320760200e+00
7.563863874956847212e+03 1.005728980942011797e+00
7.563883873962122379e+03 1.005530909932091932e+00
7.563903872967402094e+03 1.005662074079014090e+00
7.563923871972678171e+03 1.006172312734768370e+00
7.563943870977952429e+03 1.007569224018398213e+00
7.563963869983233963e+03 1.007618483880515114e+00
7.563983868988510039e+03 1.008036737188688692e+00
7.564003867993787935e+03 1.009075112580134492e+00
7.564023866999070378e+03 1.010866064748940696e+00
7.564043866004349184e+03 1.011275336765108612e+00
7.564063865009623441e+03 1.011824380014833880e+00
7.564083864014901337e+03 1.013549106095745111e+00
7.564103863020178323e+03 1.015260619185541335e+00
7.564123862025458948e+03 1.015478971603066327e+00
7.564143861030735934e+03 1.014944711455972204e+00
7.564163860036011101e+03 1.015839753916038646e+00
7.564183859041289907e+03 1.014323183724441080e+00
7.564203858046567802e+03 1.015339684946967802e+00
7.564223857051848427e+03 1.019566717695878699e+00
7.564243856057124503e+03 1.020389765710150387e+00
7.564263855062403309e+03 1.018480508620869252e+00
7.564283854067681204e+03 1.014946530062594832e+00
7.564303853072957281e+03 1.009425057093431333e+00
7.564323852078236996e+03 1.005443880240064258e+00
7.564343851083513982e+03 1.003606297786947099e+00
7.564363850088790059e+03 1.003457587585742328e+00
7.564383849094068864e+03 1.005707405545938737e+00
7.564403848099345851e+03 1.008457481333275840e+00
7.564423847104624656e+03 1.008571757440848149e+00
7.564443846109903461e+03 1.005444428418875935e+00
7.564463845115179538e+03 1.001640393939353446e+00
7.564483844120458343e+03 9.996978899037726185e-01
7.564503843125736239e+03 9.985542240443620043e-01
7.564523842131014135e+03 9.979833574721691525e-01
7.564543841136290212e+03 9.972842770400863754e-01
7.564563840141569926e+03 9.977938538638189137e-01
7.564583839146848732e+03 9.987937952119526619e-01
7.564603838152126627e+03 9.980301860179521256e-01
7.564623837157403614e+03 9.991029457765729926e-01
7.564643836162683328e+03 9.988355218157548565e-01
7.564663835167955767e+03 9.968673155962785026e-01
7.564683834173234573e+03 9.948947059518113978e-01
7.564703833178514287e+03 9.931722040504210591e-01
7.564723832183794912e+03 9.901035503262639592e-01
7.564743831189069169e+03 9.828146187386808119e-01
7.564763830194349794e+03 9.865598198817874254e-01
7.564783829199627689e+03 9.879433990604706839e-01
7.564803828204905585e+03 9.888273583094540076e-01
7.564823827210180752e+03 9.909075474005352158e-01
7.564843826215460467e+03 9.932865374081429888e-01
7.564863825220738363e+03 9.955030694642400535e-01
7.564883824226017168e+03 9.976629519230395537e-01
7.564903823231292336e+03 9.982726319198852449e-01
7.564923822236570231e+03 1.002001841460331999e+00
7.564943821241848127e+03 1.003661723762296676e+00
7.564963820247125113e+03 9.999887460378130699e-01
7.564983819252403009e+03 1.003415489261219928e+00
7.565003818257683633e+03 1.001883228225112443e+00
7.565023817262962439e+03 9.988670542068253111e-01
