7.720102808399184141e+03 1.000127644841553254e+00
7.720122807374637887e+03 9.999615097519503060e-01
7.720142806350097089e+03 1.000986808518507187e+00
7.720162805325554473e+03 1.001690735425632583e+00
7.720182804301009128e+03 1.001812195808659212e+00
7.720202803276463783e+03 9.989446622089770411e-01
7.720222802251918438e+03 9.964686259093574749e-01
7.720242801227377640e+03 9.944452331202960904e-01
7.720262800202834114e+03 9.970184297565347631e-01
7.720282799178289679e+03 9.996275545074945201e-01
7.720302798153745243e+03 1.001195639819516314e+00
7.720322797129201717e+03 1.002585142458492173e+00
7.720342796104660920e+03 1.003805949552835086e+00
7.720362795080114665e+03 1.004866931295522292e+00
7.720382794055571139e+03 1.005701545024848986e+00
7.720402793031029432e+03 1.006276778874628075e+00
7.720422792006484087e+03 1.006373282224805932e+00
7.720442790981941471e+03 1.005712425455152381e+00
7.720462789957399764e+03 1.002927013890699826e+00
7.720482788932850781e+03 1.001905270528487435e+00
7.720502787908308164e+03 1.001968959415706850e+00
7.720522786883765548e+03 1.004353914799166470e+00
7.720542785859221112e+03 1.005324416149637745e+00
7.720562784834679405e+03 1.004349666758297843e+00
7.720582783810135879e+03 1.003423312035850890e+00
7.720602782785589625e+03 1.002990219275580186e+00
7.720622781761047008e+03 1.004542541818691515e+00
7.720642780736504392e+03 1.003954053861070728e+00
7.720662779711961775e+03 1.002366823036512145e+00
7.720682778687418249e+03 1.002273770992636814e+00
7.720702777662871085e+03 1.002245527506690603e+00
7.720722776638327559e+03 1.002091206664462053e+00
7.720742775613787671e+03 1.002945396845628334e+00
7.720762774589243236e+03 1.003715744770158569e+00
7.720782773564699710e+03 1.002032982663935590e+00
7.720802772540154365e+03 1.001706043723506356e+00
7.720822771515610839e+03 1.002199473485261061e+00
7.720842770491064584e+03 1.002036897400450988e+00
7.720862769466520149e+03 1.001502274600061249e+00
7.720882768441978442e+03 1.000500305562625147e+00
7.720902767417434006e+03 9.993859794361569238e-01
7.720922766392890480e+03 9.986917056628592526e-01
7.720942765368348773e+03 1.000899407077285197e+00
7.720962764343803428e+03 1.001683033952182056e+00
7.720982763319259902e+03 1.001419344397197930e+00
7.721002762294716376e+03 1.001361455699862013e+00
7.721022761270174669e+03 1.001481070737469503e+00
7.721042760245630234e+03 1.001232754386848001e+00
7.721062759221085798e+03 9.991152751355673045e-01
7.721082758196542272e+03 9.959171285301727794e-01
7.721102757171996018e+03 9.952092385155131282e-01
7.721122756147456130e+03 9.925076786314096511e-01
7.721142755122912604e+03 9.942714375641844571e-01
7.721162754098363621e+03 9.925069890438119602e-01
7.721182753073823733e+03 9.919725883935522903e-01
7.721202752049279297e+03 9.900435274245084072e-01
7.721222751024735771e+03 9.893891999813770877e-01
7.721242750000192245e+03 9.895180934394206540e-01
7.721262748975646900e+03 9.911265894838715562e-01
7.721282747951106103e+03 9.917598044953834791e-01
7.721302746926561667e+03 9.911563718210710805e-01
7.721322745902017232e+03 9.901908583107198458e-01
7.721342744877476434e+03 9.894576668558655586e-01
7.721362743852931999e+03 9.893280036195439830e-01
7.721382742828386654e+03 9.890023581161833111e-01
7.721402741803843128e+03 9.884019582316522223e-01
7.721422740779296873e+03 9.868091259426851058e-01
7.721442739754756985e+03 9.857655943699562551e-01
7.721462738730210731e+03 9.855850094509819304e-01
7.721482737705669024e+03 9.858036041207034472e-01
7.721502736681124588e+03 9.859184892874682804e-01
7.721522735656576515e+03 9.854931173030622160e-01
7.721542734632038446e+03 9.862788842390233235e-01
7.721562733607492191e+03 9.878662092112525661e-01
7.721582732582949575e+03 9.906183459886515053e-01
7.721602731558407868e+03 9.910261657970264038e-01
7.721622730533860704e+03 9.878072004331948097e-01
7.721642729509318087e+03 9.845741833488513839e-01
7.721662728484774561e+03 9.819203348170854051e-01
7.721682727460231035e+03 9.817207729120849269e-01
7.721702726435685690e+03 9.826383980405480889e-01
7.721722725411141255e+03 9.840303912739317704e-01
7.721742724386599548e+03 9.814077615616466632e-01
7.721762723362056022e+03 9.802916841679343296e-01
7.721782722337514315e+03 9.823172926586183351e-01
7.721802721312967151e+03 9.858236975117129486e-01
7.721822720288422715e+03 9.891158344295164495e-01
7.721842719263881918e+03 9.894541966398766597e-01
7.721862718239338392e+03 9.880445319626450784e-01
7.721882717214794866e+03 9.856446369120136497e-01
7.721902716190248611e+03 9.817798050022662482e-01
7.721922715165708723e+03 9.764669055984127599e-01
7.721942714141164288e+03 9.683855226593309773e-01
7.721962713116618943e+03 9.689320050976011345e-01
7.721982712092075417e+03 9.717430542402955007e-01
7.722002711067530981e+03 9.745190384431255959e-01
7.722022710042986546e+03 9.755745000478488471e-01
7.722042709018442110e+03 9.758597657870787812e-01
7.722062707993900403e+03 9.850373012735237355e-01
7.722082706969355968e+03 9.927954992849892246e-01
7.722102705944813351e+03 9.963824730393775475e-01
7.722122704920268006e+03 9.935912502246592171e-01
7.722142703895726299e+03 9.896045327898124189e-01
7.722162702871181864e+03 9.886819892455178671e-01
7.722182701846638338e+03 9.910472007515850335e-01
7.722202700822092993e+03 9.953092361866066051e-01
7.722222699797548557e+03 9.929971127018435428e-01
7.722242698773005031e+03 9.895768769230821604e-01
7.722262697748463324e+03 9.854148650628689055e-01
7.722282696723918889e+03 9.868773838856961245e-01
7.722302695699377182e+03 9.901310343718462414e-01
7.722322694674831837e+03 9.931884278972012980e-01
7.722342693650289220e+03 9.950540588143336196e-01
7.722362692625747513e+03 9.960660705920012514e-01
7.722382691601201259e+03 9.976045198241016987e-01
7.722402690576656823e+03 9.984255494349963955e-01
7.722422689552116026e+03 9.974230506632564275e-01
7.722442688527569771e+03 9.964009478745002868e-01
7.722462687503030793e+03 9.957622940925272559e-01
7.722482686478480900e+03 9.964347516210609879e-01
7.722502685453937374e+03 9.964729631696549461e-01
7.722522684429394758e+03 9.962733221313889720e-01
7.722542683404852141e+03 9.990851172503129041e-01
7.722562682380306796e+03 1.001348282522479094e+00
7.722582681355763270e+03 1.001981893294327186e+00
7.722602680331218835e+03 1.002049507799535943e+00
7.722622679306679856e+03 1.002057496581480356e+00
7.722642678282132692e+03 1.002742073473912754e+00
7.722662677257590985e+03 1.005000101079892794e+00
7.722682676233043821e+03 1.008448939424035462e+00
7.722702675208501205e+03 1.010356293168380049e+00
7.722722674183960407e+03 1.010275809334118202e+00
7.722742673159415062e+03 1.006776924363405712e+00
7.722762672134868808e+03 1.001132172152160882e+00
7.722782671110327101e+03 9.960057285953907158e-01
7.722802670085787213e+03 9.956601519699921354e-01
7.722822669061240049e+03 9.933930931970206268e-01
7.722842668036696523e+03 9.902331739046178471e-01
7.722862667012150268e+03 9.944718613873708701e-01
7.722882665987611290e+03 9.963487105876669414e-01
7.722902664963065945e+03 9.933927770373575106e-01
7.722922663938521509e+03 9.912872048220073840e-01
7.722942662913980712e+03 9.898867571912415286e-01
7.722962661889433548e+03 9.905119350589158822e-01
7.722982660864890931e+03 9.917775341749753837e-01
7.723002659840344677e+03 9.936428822220775281e-01
7.723022658815803879e+03 9.979379025317767216e-01
7.723042657791258534e+03 1.001922206820103689e+00
7.723062656766714099e+03 1.005179880830422201e+00
7.723082655742171482e+03 1.007101943288141399e+00
7.723102654717629775e+03 1.007993078045241520e+00
