7.831710552658316374e+03 1.004912460329759893e+00
7.831730551663596088e+03 1.006917967274022718e+00
7.831750550668878532e+03 1.006262297559147978e+00
7.831770549674156427e+03 1.005257032198404454e+00
7.831790548679437052e+03 1.003395202282412857e+00
7.831810547684714038e+03 1.001905484773479627e+00
7.831830546689996481e+03 1.000589470261931346e+00
7.831850545695275287e+03 1.000099707533617988e+00
7.831870544700555001e+03 9.988213697253055523e-01
7.831890543705835626e+03 9.969545262755403758e-01
7.831910542711116250e+03 9.968286638409908917e-01
7.831930541716395965e+03 9.966284009715311587e-01
7.831950540721677498e+03 9.962451359898599756e-01
7.831970539726952666e+03 9.958720853485265589e-01
7.831990538732239656e+03 9.957385000732961178e-01
7.832010537737517552e+03 9.967267956567136267e-01
7.832030536742798176e+03 9.972132503976395279e-01
7.832050535748078801e+03 9.978640422237484708e-01
7.832070534753357606e+03 9.987719379809122389e-01
7.832090533758636411e+03 9.987258247569703595e-01
7.832110532763917945e+03 9.979645566578548843e-01
7.832130531769197660e+03 9.971384363361602832e-01
7.832150530774477375e+03 9.973888372284994697e-01
7.832170529779757089e+03 9.989661786485121153e-01
7.832190528785036804e+03 9.965371843543733288e-01
7.832210527790317428e+03 9.944517996119901504e-01
7.832230526795598962e+03 9.927942517511675335e-01
7.832250525800875948e+03 9.914001056783341426e-01
7.832270524806159301e+03 9.903211611565956307e-01
7.832290523811439016e+03 9.899330319187619187e-01
7.832310522816718731e+03 9.883991267594423036e-01
7.832330521822000264e+03 9.867743166940783350e-01
7.832350520827279979e+03 9.881032580698742018e-01
7.832370519832559694e+03 9.871455464293611426e-01
7.832390518837840318e+03 9.851386288535943780e-01
7.832410517843121852e+03 9.815049493708102313e-01
7.832430516848397019e+03 9.834653333023618549e-01
7.832450515853679462e+03 9.922503566891529569e-01
7.832470514858958268e+03 9.916843936455443931e-01
7.832490513864238892e+03 9.910614676377673682e-01
7.832510512869520426e+03 9.894199309305981016e-01
7.832530511874800141e+03 9.941611792559673644e-01
7.832550510880078946e+03 9.981625253318768820e-01
7.832570509885360480e+03 9.943687387323559834e-01
7.832590508890640194e+03 9.897356433031785361e-01
7.832610507895919909e+03 9.850218199451615808e-01
7.832630506901197805e+03 9.915929195550875486e-01
7.832650505906479339e+03 9.945132903010133196e-01
7.832670504911759963e+03 9.964343864323105260e-01
7.832690503917039678e+03 9.823085587474330582e-01
7.832710502922318483e+03 9.753126416052020353e-01
7.832730501927599107e+03 9.772642331578955677e-01
7.832750500932879731e+03 9.777804798989604418e-01
7.832770499938161265e+03 9.786365989737282334e-01
7.832790498943441889e+03 9.798362118139191113e-01
7.832810497948718876e+03 9.836536760439120730e-01
7.832830496953999500e+03 9.877719056679823417e-01
7.832850495959281034e+03 9.910008650637364136e-01
7.832870494964559839e+03 9.937629099879037309e-01
7.832890493969842282e+03 9.962225095834450483e-01
7.832910492975122907e+03 9.959849816413868240e-01
7.832930491980400802e+03 9.968467725759021514e-01
7.832950490985684155e+03 9.984818688910307438e-01
7.832970489990962051e+03 9.986716968215866297e-01
7.832990488996241766e+03 9.992207753274287008e-01
7.833010488001521480e+03 1.000208760223394666e+00
7.833030487006802105e+03 1.001534176422389733e+00
7.833050486012080000e+03 1.002097251787460008e+00
7.833070485017362444e+03 9.990813780659147936e-01
7.833090484022641249e+03 1.000242925324438925e+00
7.833110483027923692e+03 1.001633386090011957e+00
7.833130482033200678e+03 9.985315139299433262e-01
7.833150481038481303e+03 9.930787692282773138e-01
7.833170480043762836e+03 9.863429293949985688e-01
7.833190479049044370e+03 9.838967922716586045e-01
7.833210478054325904e+03 9.841049249779678654e-01
7.833230477059600162e+03 9.870078196424882933e-01
7.833250476064879877e+03 9.892292873869255043e-01
7.833270475070163229e+03 9.903828496586041252e-01
7.833290474075443854e+03 9.890079759291817707e-01
7.833310473080723568e+03 9.925070197192313870e-01
7.833330472086005102e+03 9.964255308073852735e-01
7.833350471091279360e+03 1.002275405129884778e+00
7.833370470096563622e+03 1.001963974382248379e+00
7.833390469101843337e+03 1.000590013636028175e+00
7.833410468107123961e+03 9.999494418103140880e-01
7.833430467112402766e+03 1.000225865048781637e+00
7.833450466117683391e+03 1.000944065281585749e+00
7.833470465122964924e+03 9.983484060867339194e-01
7.833490464128242820e+03 9.985241825150600326e-01
7.833510463133524354e+03 1.000978093282887338e+00
