8.025027187199802029e+03 9.984140298662186330e-01
8.025047186175260322e+03 9.997603330782586228e-01
8.025067185150721343e+03 1.000383924501758059e+00
8.025087184126178727e+03 1.000599730150919298e+00
8.025107183101639748e+03 1.000419946458144915e+00
8.025127182077094403e+03 1.000281663040611724e+00
8.025147181052554515e+03 1.000181968928339327e+00
8.025167180028011899e+03 9.999636852534303788e-01
8.025187179003474739e+03 9.997599953469796796e-01
8.025207177978926666e+03 9.995813675137747989e-01
8.025227176954392235e+03 9.996057095439822016e-01
8.025247175929850528e+03 1.000062280431104123e+00
8.025267174905307002e+03 9.991049908291267379e-01
8.025287173880766204e+03 9.973163718014886880e-01
8.025307172856224497e+03 9.970029372621652675e-01
8.025327171831683700e+03 9.971278033445583056e-01
8.025347170807142902e+03 9.978518569394859705e-01
8.025367169782599376e+03 9.965008152589938106e-01
8.025387168758060398e+03 9.937583661570735805e-01
8.025407167733518691e+03 9.922280024948123556e-01
8.025427166708976074e+03 9.910745165508846322e-01
8.025447165684436186e+03 9.890445815053431344e-01
8.025467164659892660e+03 9.872904059915493802e-01
8.025487163635357319e+03 9.851636070088660713e-01
8.025507162610811974e+03 9.847192644073883283e-01
8.025527161586270267e+03 9.845884928421714255e-01
8.025547160561728560e+03 9.839465148466657318e-01
8.025567159537187763e+03 9.816763294139684293e-01
8.025587158512646965e+03 9.779613214794653508e-01
8.025607157488106168e+03 9.786261727358857021e-01
8.025627156463562642e+03 9.802859886301034109e-01
8.025647155439021844e+03 9.803572074143694914e-01
8.025667154414482866e+03 9.800614970137446758e-01
8.025687153389939340e+03 9.776430929702734085e-01
8.025707152365398542e+03 9.763219762749743014e-01
8.025727151340857745e+03 9.740699775823392637e-01
8.025747150316316947e+03 9.734175523905935767e-01
8.025767149291775240e+03 9.724501016945080734e-01
8.025787148267231714e+03 9.716175637578023938e-01
8.025807147242691826e+03 9.702539822871930619e-01
8.025827146218151938e+03 9.691011560355854426e-01
8.025847145193610231e+03 9.672227447932657540e-01
8.025867144169068524e+03 9.662063857165802405e-01
8.025887143144527727e+03 9.657583615497508100e-01
8.025907142119981472e+03 9.678026478404183619e-01
8.025927141095444313e+03 9.698857701476242266e-01
8.025947140070900787e+03 9.694267711286597144e-01
8.025967139046359080e+03 9.707658998776743653e-01
8.025987138021819192e+03 9.739353799772962894e-01
8.026007136997279304e+03 9.769727478350781480e-01
8.026027135972736687e+03 9.798991706557101944e-01
8.026047134948198618e+03 9.819843231731253397e-01
8.026067133923654183e+03 9.820296913169643815e-01
8.026087132899113385e+03 9.799501241194354950e-01
8.026107131874571678e+03 9.826880601328443765e-01
8.026127130850032700e+03 9.861659933153232860e-01
8.026147129825490083e+03 9.885945368406841016e-01
8.026167128800951104e+03 9.907916480755255551e-01
8.026187127776408488e+03 9.928260550744426594e-01
8.026207126751863143e+03 9.965354786530817854e-01
8.026227125727324164e+03 1.000367393888647261e+00
8.026247124702782457e+03 1.002981060588743478e+00
8.026267123678240750e+03 1.004584223000400511e+00
8.026287122653699953e+03 1.005321606031010173e+00
8.026307121629157336e+03 1.005608855417657210e+00
8.026327120604615629e+03 1.005569506959098858e+00
8.026347119580074832e+03 1.003983350965911292e+00
8.026367118555533125e+03 1.002671664486026071e+00
8.026387117530994146e+03 1.001849480482292831e+00
8.026407116506451530e+03 1.001980318726699792e+00
8.026427115481907094e+03 1.001632115609897067e+00
8.026447114457369025e+03 1.000185571966268672e+00
8.026467113432830956e+03 9.997273853018335821e-01
8.026487112408289249e+03 1.001467380375883343e+00
8.026507111383743904e+03 1.002587609331044627e+00
8.026527110359204926e+03 1.003550185956130436e+00
8.026547109334662309e+03 1.002399322658414471e+00
8.026567108310120602e+03 1.000896536872501796e+00
8.026587107285577986e+03 9.986959646330662022e-01
