8.438152353351304555e+03 1.004117080923512262e+00
8.438172352862842672e+03 1.000274422782011063e+00
8.438192352374384427e+03 9.970462523066982996e-01
8.438212351885924363e+03 9.990879144457106564e-01
8.438232351397466118e+03 1.000145656265697625e+00
8.438252350909006054e+03 9.977317554883854411e-01
8.438272350420547809e+03 9.961322689273688358e-01
8.438292349932091383e+03 9.956619562673114654e-01
8.438312349443633138e+03 9.951446449632102009e-01
8.438332348955174893e+03 9.948897975926026538e-01
8.438352348466713011e+03 9.938164070160235841e-01
8.438372347978256585e+03 9.899395980953877849e-01
8.438392347489798340e+03 9.901112288249925841e-01
8.438412347001336457e+03 9.962026588395254123e-01
8.438432346512878212e+03 9.948733637539142194e-01
8.438452346024419967e+03 9.864745279520085175e-01
8.438472345535963541e+03 9.892120025261840199e-01
8.438492345047503477e+03 9.975682833038889141e-01
8.438512344559047051e+03 9.996201990939687088e-01
8.438532344070586987e+03 1.002209917494047975e+00
8.438552343582125104e+03 9.970358036873091523e-01
8.438572343093670497e+03 9.890011515816701237e-01
8.438592342605212252e+03 9.919636947573760022e-01
8.438612342116752188e+03 9.961855226429275900e-01
8.438632341628293943e+03 9.935589795686280423e-01
8.438652341139833879e+03 9.905920198211232153e-01
8.438672340651377453e+03 9.924558336873620101e-01
8.438692340162917390e+03 9.941423690711838068e-01
8.438712339674459145e+03 9.897573252242917174e-01
8.438732339186000900e+03 9.865124245379219836e-01
8.438752338697544474e+03 9.898513814124426657e-01
8.438772338209080772e+03 9.914777047517047137e-01
8.438792337720626165e+03 9.881112007578604084e-01
8.438812337232166101e+03 9.862718845160625136e-01
8.438832336743706037e+03 9.860061477718643497e-01
8.438852336255247792e+03 9.844859910664488512e-01
8.438872335766789547e+03 9.808555528517494126e-01
8.438892335278331302e+03 9.785610551929626588e-01
8.438912334789871238e+03 9.778377669509995540e-01
8.438932334301414812e+03 9.750168403314697363e-01
8.438952333812956567e+03 9.708667771385629530e-01
8.438972333324496503e+03 9.671074685744983634e-01
8.438992332836040077e+03 9.623879566661448504e-01
8.439012332347580013e+03 9.611787020003571547e-01
8.439032331859119950e+03 9.609772926174516838e-01
8.439052331370658067e+03 9.610053129619580137e-01
8.439072330882201641e+03 9.612887527325496562e-01
8.439092330393741577e+03 9.608855960948561314e-01
8.439112329905285151e+03 9.602636141137889103e-01
8.439132329416830544e+03 9.615008828317441747e-01
8.439152328928368661e+03 9.629177359775199507e-01
8.439172328439912235e+03 9.618039086038526753e-01
8.439192327951450352e+03 9.611242429134043697e-01
8.439212327462993926e+03 9.606222640209822750e-01
8.439232326974533862e+03 9.602278292935819692e-01
8.439252326486071979e+03 9.644346730175711313e-01
8.439272325997615553e+03 9.674520380015404486e-01
8.439292325509160946e+03 9.681464534043128234e-01
8.439312325020699063e+03 9.687301773645086156e-01
8.439332324532237180e+03 9.660003224363689078e-01
8.439352324043780754e+03 9.669982547301591014e-01
8.439372323555324328e+03 9.753565235500512021e-01
8.439392323066864265e+03 9.795355790483845082e-01
8.439412322578407839e+03 9.808268664069386134e-01
8.439432322089947775e+03 9.829459782492195874e-01
8.439452321601491349e+03 9.845450720369584019e-01
8.439472321113031285e+03 9.873634215628238620e-01
8.439492320624573040e+03 9.916241091092447002e-01
8.439512320136112976e+03 9.917519864648719485e-01
8.439532319647654731e+03 9.908176292374253347e-01
8.439552319159196486e+03 9.909529265150426314e-01
8.439572318670738241e+03 9.909959243275597851e-01
8.439592318182278177e+03 9.923198035791194194e-01
8.439612317693823570e+03 9.943824897878958957e-01
8.439632317205363506e+03 9.915413040859329952e-01
8.439652316716903442e+03 9.886170443895415660e-01
8.439672316228441559e+03 9.889081423203844867e-01
8.439692315739988771e+03 9.890609642783869671e-01
8.439712315251528707e+03 9.893519479677769235e-01
8.439732314763070463e+03 9.900605755701069599e-01
8.439752314274608580e+03 9.913405423200342126e-01
8.439772313786152154e+03 9.919318089233787328e-01
8.439792313297692090e+03 9.898331883937379061e-01
8.439812312809233845e+03 9.899068077220735118e-01
8.439832312320777419e+03 9.980935176985650248e-01
8.439852311832315536e+03 1.000925902350119800e+00
8.439872311343862748e+03 9.971264480231609717e-01
8.439892310855400865e+03 9.978075324830395498e-01
8.439912310366940801e+03 1.002127961861415173e+00
8.439932309878480737e+03 1.001957094076604271e+00
8.439952309390020673e+03 9.980096735005536956e-01
8.439972308901566066e+03 1.001512652765594646e+00
8.439992308413107821e+03 1.009921765909849833e+00
8.440012307924647757e+03 1.005671302060418881e+00
8.440032307436189512e+03 9.986073402445784231e-01
8.440052306947731267e+03 9.964387091610564795e-01
8.440072306459274841e+03 9.932473116711449945e-01
8.440092305970812959e+03 9.989918136777867774e-01
